1524784466892,begin 1000,,,,,,
1524784466893,top,,,,,,
1524784466893,gyro,-7.3029675,2.3197975,-0.58860534,66922926.534423,66922926534423.0,4.0
1524784466893,gyro,-7.369551700000001,1.8403903999999998,-0.5140309000000001,66922886.434325,66922886434325.0,0.0
1524784466893,gyro,-7.555988,2.1786387,-0.70579374,66922909.53613199,66922909536132.0,2.0
1524784466893,gyro,-7.563978,2.2905004,-0.6764965999999999,66922916.585692,66922916585692.0,3.0
1524784466893,gyro,-7.449453,2.0135098,-0.6498629,66922905.416259,66922905416259.0,1.0
1524784466922,gyro,-4.343961,2.1040642000000003,-0.31427795,66922956.533202,66922956533202.0,7.0
1524784466922,gyro,-6.655767999999999,2.2718568,-0.47408032,66922936.544188,66922936544188.0,5.0
1524784466922,gyro,-5.625043,2.1866288,-0.37020877,66922947.072753005,66922947072753.0,6.0
1524784466952,gyro,-3.0229277999999997,2.0188365000000004,-0.31161459999999996,66922966.298827,66922966298827.0,8.0
1524784466952,gyro,-1.8457172,1.9149648999999997,-0.32759482,66922976.46118,66922976461180.0,9.0
1524784466983,gyro,-0.9108734,1.7791328000000002,-0.33558494,66922986.135253005,66922986135253.0,10.0
1524784466983,gyro,-0.22638667,1.6433008999999998,-0.33025820000000006,66923000.112303,66923000112303.0,11.0
1524784466983,gyro,0.25568378,1.5261124,-0.32493144,66923006.246337,66923006246337.0,12.0
1524784467012,gyro,0.5912687,1.4249043,-0.32493144,66923016.53076,66923016530760.0,13.0
1524784467013,gyro,0.814992,1.3183694,-0.32759482,66923026.357420996,66923026357421.0,14.0
1524784467013,gyro,0.9641409,1.2038444,-0.31694132,66923036.33666899,66923036336669.0,15.0
1524784467043,gyro,1.0626856000000002,1.0786659,-0.28498086,66923046.010741,66923046010741.0,16.0
1524784467045,gyro,1.1399235,0.9428339,-0.22638667,66923056.32568199,66923056325682.0,17.0
1524784467051,gyro,1.2038444,0.80167514,-0.14115874,66923070.729979,66923070729979.0,18.0
1524784467083,gyro,1.2544483999999998,0.65518963,-0.039950587,66923077.56591701,66923077565917.0,19.0
1524784467083,gyro,1.2384683,0.39151576,0.15447561,66923095.754393004,66923095754393.0,20.0
1524784467083,gyro,1.1532403,0.29030759999999994,0.22905004,66923106.160887,66923106160887.0,21.0
1524784467083,gyro,1.0307251,0.21306979999999998,0.2823175,66923115.83496,66923115834960.0,22.0
1524784467125,gyro,0.9002199000000001,0.15980235,0.31161459999999996,66923125.966795996,66923125966796.0,23.0
1524784467187,gyro,0.8895664000000001,0.10919827,0.27432737,66923172.139891006,66923172139891.0,24.0
1524784467188,gyro,1.0520321000000001,0.10387153,0.2530204,66923180.196531996,66923180196532.0,25.0
1524784467213,gyro,2.0161731,0.07723781,0.13849537,66923216.054685995,66923216054686.0,26.0
1524784467213,gyro,2.4662830000000002,0.087891296,0.069247685,66923233.693845995,66923233693846.0,27.0
1524784467242,gyro,3.1374527999999997,0.058594197,0.015980236000000002,66923275.472411,66923275472411.0,31.0
1524784467242,gyro,2.6473923,0.087891296,0.04261396,66923247.396239005,66923247396239.0,28.0
1524784467242,gyro,2.8071947,0.07990117,0.029297099,66923255.54443199,66923255544432.0,29.0
1524784467242,gyro,2.9616702,0.069247685,0.02130698,66923265.52368,66923265523680.0,30.0
1524784467272,gyro,3.3478594,0.05060408,0.0,66923285.482176,66923285482176.0,32.0
1524784467272,gyro,3.603543,0.047940705,-0.023970352,66923295.461425,66923295461425.0,33.0
1524784467272,gyro,3.896514,0.045277335,-0.058594197,66923305.440673,66923305440673.0,34.0
1524784467324,gyro,4.2054653,0.04261396,-0.09854478400000001,66923315.419920996,66923315419921.0,35.0
1524784467325,gyro,4.511753,0.029297099,-0.13583199999999998,66923332.418212,66923332418212.0,36.0
1524784467325,gyro,5.031111,-0.02130698,-0.19442620000000002,66923345.632323,66923345632323.0,38.0
1524784467325,gyro,4.788744,0.007990118000000001,-0.17045584,66923336.721190006,66923336721190.0,37.0
1524784467352,gyro,5.225537,-0.058594197,-0.20241632,66923355.764158994,66923355764159.0,39.0
1524784467359,gyro,5.372022599999999,-0.10387153,-0.18643607,66923365.621337,66923365621337.0,40.0
1524784467359,gyro,5.483884,-0.15980235,-0.14914887,66923375.600585,66923375600585.0,41.0
1524784467383,gyro,5.5504684,-0.23437679,-0.09854478400000001,66923385.274656996,66923385274657.0,42.0
1524784467384,gyro,5.5504684,-0.32226807,-0.04261396,66923395.559081,66923395559081.0,43.0
1524784467384,gyro,5.4439335,-0.407496,0.023970352,66923405.751952,66923405751952.0,44.0
1524784467412,bottom,,,,,,
1524784467412,gyro,5.198903,-0.47408032,0.111861646,66923421.224364005,66923421224364.0,45.0
1524784467413,gyro,3.84591,-0.47940707,0.45810008,66923445.485839,66923445485839.0,48.0
1524784467413,gyro,4.8207045,-0.5087042,0.22105992,66923427.388915,66923427388915.0,46.0
1524784467413,gyro,4.3492875,-0.5087042,0.34357506,66923435.476073,66923435476073.0,47.0
1524784467442,gyro,3.3718296999999997,-0.43945646,0.55664486,66923455.220946,66923455220946.0,49.0
1524784467442,gyro,2.9723237,-0.39950588,0.6392094,66923465.3833,66923465383300.0,50.0
1524784467442,gyro,2.6846794999999997,-0.36221868,0.71378386,66923475.057372,66923475057372.0,51.0
1524784467482,gyro,2.516887,-0.33558494,0.7883583000000001,66923485.03662,66923485036620.0,52.0
1524784467483,gyro,2.4529662,-0.32493144,0.8469525,66923500.325926,66923500325926.0,53.0
1524784467483,gyro,2.4636197,-0.32759482,0.84162575,66923514.943845995,66923514943846.0,55.0
1524784467483,gyro,2.4529662,-0.32759482,0.8709228000000001,66923504.995116,66923504995116.0,54.0
1524784467512,gyro,2.4343226000000002,-0.31694132,0.7750414000000001,66923524.953612,66923524953612.0,56.0
1524784467513,gyro,2.330451,-0.28498086,0.7084571,66923534.932859994,66923534932860.0,57.0
1524784467513,gyro,2.1493416,-0.23437679,0.6764965999999999,66923544.88159101,66923544881591.0,58.0
1524784467553,gyro,1.9069748,-0.17311922,0.69514024,66923554.921874,66923554921874.0,59.0
1524784467554,gyro,1.6326473999999997,-0.11985177,0.7563978,66923564.870604,66923564870604.0,60.0
1524784467582,gyro,1.1425868000000001,-0.13050525,0.86825943,66923584.676512,66923584676512.0,61.0
1524784467582,gyro,0.9668041999999999,-0.18909945,0.85760593,66923595.29663,66923595296630.0,62.0
1524784467582,gyro,0.84162575,-0.24769364,0.82031876,66923604.757079005,66923604757079.0,63.0
1524784467582,gyro,0.75107104,-0.29030759999999994,0.8043385000000001,66923614.736327,66923614736327.0,64.0
1524784467612,gyro,0.6978036,-0.31427795,0.8496159,66923624.776609994,66923624776610.0,65.0
1524784467613,gyro,0.69247687,-0.33292156,0.950824,66923634.72534101,66923634725341.0,66.0
1524784467643,gyro,0.75107104,-0.37287214,1.0839926000000002,66923644.704589,66923644704589.0,67.0
1524784467643,gyro,0.8789129000000001,-0.43945646,1.222488,66923654.683837,66923654683837.0,68.0
1524784467672,gyro,1.0546955,-0.53800124,1.3450031,66923664.632567,66923664632567.0,69.0
1524784467673,gyro,1.5713898000000002,-0.8709228000000001,1.5740531999999998,66923694.875487,66923694875487.0,71.0
1524784467673,gyro,1.6459643,-0.9428339,1.6193305,66923704.549559,66923704549559.0,72.0
1524784467673,gyro,1.4302311,-0.772378,1.5181223,66923685.872801,66923685872801.0,70.0
1524784467727,gyro,1.651291,-0.9801211,1.6592811,66923714.650878005,66923714650878.0,73.0
1524784467787,gyro,1.2997258,-0.9801211,1.7285287,66923756.490477,66923756490477.0,74.0
1524784467788,gyro,1.2171613000000001,-0.9641409,1.7152119,66923778.432616,66923778432616.0,75.0
1524784467814,gyro,1.4169142,-0.78036815,1.7524991,66923816.488036,66923816488036.0,76.0
1524784467815,gyro,1.443548,-0.6232291999999999,1.7604892,66923834.096678,66923834096678.0,77.0
1524784467842,gyro,1.3503299,-0.50337744,1.7152119,66923848.256835,66923848256835.0,78.0
1524784467842,gyro,1.201181,-0.36221868,1.6326473999999997,66923855.886229,66923855886229.0,79.0
1524784467842,gyro,0.85760593,-0.09854478400000001,1.4249043,66923874.471434,66923874471434.0,81.0
1524784467842,gyro,1.0227351,-0.22105992,1.5314392,66923864.522704005,66923864522704.0,80.0
1524784467872,gyro,0.6365460000000001,0.05326745,1.2331415000000001,66923894.42993,66923894429930.0,83.0
1524784467872,gyro,0.57795185,0.08522792,1.1399235,66923904.592283994,66923904592284.0,84.0
1524784467872,gyro,0.72710073,-0.0026633726,1.3263595,66923884.267577,66923884267577.0,82.0
1524784467914,gyro,0.53533787,0.09854478400000001,1.0413786,66923914.205321,66923914205321.0,85.0
1524784467914,gyro,0.50337744,0.09055467,0.9241903,66923930.654295996,66923930654296.0,86.0
1524784467914,gyro,0.47141695,0.06658431,0.7883583000000001,66923935.23193199,66923935231932.0,87.0
1524784467914,top,,,,,,
1524784467916,gyro,0.42880297,0.031960472000000004,0.6392094,66923943.990477,66923943990477.0,88.0
1524784467952,gyro,0.30628785,-0.058594197,0.30628785,66923964.28466701,66923964284667.0,90.0
1524784467952,gyro,0.22905004,-0.11452502,0.13849537,66923975.179442,66923975179442.0,91.0
1524784467952,gyro,0.37553552,-0.007990118000000001,0.4767437,66923954.152831,66923954152831.0,89.0
1524784467953,gyro,0.15447561,-0.18377271,-0.018643608,66923983.937987,66923983937987.0,92.0
1524784468004,gyro,0.07990117,-0.26900062,-0.16779247,66923994.039305,66923994039305.0,93.0
1524784468005,gyro,0.005326745,-0.37553552,-0.31694132,66924004.201658994,66924004201659.0,94.0
1524784468005,gyro,-0.08256455,-0.50337744,-0.4767437,66924014.180906996,66924014180907.0,95.0
1524784468032,gyro,-0.34357506,-0.7856949000000001,-0.8496159,66924035.360106006,66924035360106.0,96.0
1524784468032,gyro,-0.4847338,-0.9348438,-1.0546955,66924044.820555,66924044820555.0,97.0
1524784468032,gyro,-0.5912687,-1.0919827,-1.2384683,66924054.37255699,66924054372557.0,98.0
1524784468062,gyro,-0.6258925,-1.2624385,-1.3769636,66924063.741454005,66924063741454.0,99.0
1524784468062,gyro,-0.585942,-1.4408846000000002,-1.4595281999999998,66924074.056394994,66924074056395.0,100.0
1524784468062,gyro,-0.49805066,-1.6140038,-1.4834985,66924084.096678,66924084096678.0,101.0
1524784468063,gyro,-0.407496,-1.7684793,-1.4621916000000001,66924093.831786,66924093831786.0,102.0
1524784468114,gyro,-0.38352564,-1.8776776999999998,-1.4115875,66924103.811033994,66924103811034.0,103.0
1524784468114,gyro,-0.63121927,-1.8856678,-1.3077159,66924124.95971601,66924124959716.0,104.0
1524784468114,gyro,-0.83097225,-1.787123,-1.2677653,66924133.99291899,66924133992919.0,105.0
1524784468114,gyro,-0.9854478000000001,-1.6539543999999997,-1.222488,66924143.91113199,66924143911132.0,106.0
1524784468142,gyro,-1.0200717,-1.3609833999999998,-1.0733391,66924163.869628005,66924163869628.0,108.0
1524784468142,gyro,-1.0493687,-1.5101322,-1.1559037,66924153.67675699,66924153676757.0,107.0
1524784468143,gyro,-0.9348438,-1.2198247,-0.9881112,66924173.51318199,66924173513182.0,109.0
1524784468172,gyro,-0.84162575,-1.0839926000000002,-0.90821004,66924183.614501,66924183614501.0,110.0
1524784468172,gyro,-0.7830315,-0.950824,-0.8283089,66924193.807372,66924193807372.0,111.0
1524784468218,gyro,-0.76172453,-0.80966526,-0.7537344,66924203.450926,66924203450926.0,112.0
1524784468219,gyro,-0.7324275,-0.3196047,-0.6498629,66924233.999022,66924233999022.0,114.0
1524784468219,gyro,-0.75906116,-0.48207045,-0.6658430999999999,66924224.538573,66924224538573.0,113.0
1524784468242,gyro,-0.55930823,-0.069247685,-0.6125757,66924253.469237,66924253469237.0,115.0
1524784468242,gyro,-0.42347625,0.005326745,-0.5806151999999999,66924263.601073,66924263601073.0,116.0
1524784468242,gyro,-0.28498086,0.061257567,-0.54599136,66924273.610839,66924273610839.0,117.0
1524784468273,gyro,-0.16512910000000003,0.10919827,-0.5193576,66924283.254393004,66924283254393.0,118.0
1524784468274,gyro,-0.087891296,0.15980235,-0.5060408,66924293.203124,66924293203124.0,119.0
1524784468302,gyro,-0.055930823,0.28764424,-0.52468437,66924314.534911,66924314534911.0,121.0
1524784468302,gyro,-0.05326745,0.22105992,-0.51136756,66924309.652098,66924309652098.0,120.0
1524784468302,gyro,-0.11452502,0.40216926,-0.52734774,66924333.21166899,66924333211669.0,123.0
1524784468302,gyro,-0.08256455,0.3489018,-0.5326744999999999,66924323.14086801,66924323140868.0,122.0
1524784468332,gyro,-0.13583199999999998,0.43945646,-0.5087042,66924343.12988199,66924343129882.0,124.0
1524784468332,gyro,-0.14382212,0.46076345,-0.47408032,66924353.10913,66924353109130.0,125.0
1524784468332,gyro,-0.14382212,0.46875358,-0.43412971,66924363.088378005,66924363088378.0,126.0
1524784468362,gyro,-0.14115874,0.4660902,-0.38885240000000004,66924373.067626,66924373067626.0,127.0
1524784468362,gyro,-0.13583199999999998,0.4554367,-0.33824829999999995,66924383.046874,66924383046874.0,128.0
1524784468414,gyro,-0.061257567,0.37553552,-0.15980235,66924412.9541,66924412954100.0,130.0
1524784468414,gyro,-0.122515135,0.43412971,-0.28498086,66924393.026122,66924393026122.0,129.0
1524784468414,bottom,,,,,,
1524784468414,gyro,-0.02130698,0.34357506,-0.09321803599999999,66924422.963866,66924422963866.0,131.0
1524784468415,gyro,0.013316861999999999,0.31427795,-0.029297099,66924433.583983,66924433583983.0,132.0
1524784468415,gyro,0.039950587,0.28498086,0.034623843,66924442.922362,66924442922362.0,133.0
1524784468442,gyro,0.061257567,0.23171341,0.16779247,66924462.880858,66924462880858.0,135.0
1524784468442,gyro,0.055930823,0.25834712,0.10120816,66924452.901609994,66924452901610.0,134.0
1524784468443,gyro,0.07457443,0.22105992,0.22638667,66924472.860106006,66924472860106.0,136.0
1524784468494,gyro,0.11452502,0.22372329,0.26633725,66924482.961425,66924482961425.0,137.0
1524784468495,gyro,0.23970354,0.22105992,0.34091170000000004,66924504.415281996,66924504415282.0,138.0
1524784468495,gyro,0.24503027,0.21839654,0.40483263,66924513.173827,66924513173827.0,139.0
1524784468495,gyro,0.19708957,0.23704016,0.46076345,66924523.09204,66924523092040.0,140.0
1524784468522,gyro,0.12517852,0.28764424,0.49272390000000005,66924543.050536,66924543050536.0,142.0
1524784468522,gyro,0.14115874,0.26633725,0.4847338,66924532.827147,66924532827147.0,141.0
1524784468523,gyro,0.15713897,0.29030759999999994,0.5087042,66924553.029783994,66924553029784.0,143.0
1524784468552,gyro,0.21040644,0.27965412,0.5326744999999999,66924562.795408994,66924562795409.0,144.0
1524784468553,gyro,0.2530204,0.26900062,0.53800124,66924572.988280006,66924572988280.0,145.0
1524784468594,gyro,0.27166399999999996,0.26367387,0.50337744,66924582.967528,66924582967528.0,146.0
1524784468595,gyro,0.09588141,0.27965412,0.27432737,66924623.739012,66924623739012.0,149.0
1524784468595,gyro,0.17045584,0.25834712,0.30362448,66924613.729247,66924613729247.0,148.0
1524784468595,gyro,0.22638667,0.2530204,0.36488205,66924604.238280006,66924604238280.0,147.0
1524784468622,gyro,0.0,0.32493144,0.27699074,66924632.619628005,66924632619628.0,150.0
1524784468623,gyro,-0.111861646,0.38885240000000004,0.30895123,66924642.904051,66924642904051.0,151.0
1524784468623,gyro,-0.22372329,0.45277333,0.36221868,66924652.791747,66924652791747.0,152.0
1524784468660,gyro,-0.30628785,0.48739716,0.43412971,66924667.592772,66924667592772.0,153.0
1524784468683,gyro,-0.33824829999999995,0.46076345,0.5140309000000001,66924674.42871,66924674428710.0,154.0
1524784468683,gyro,-0.015980236000000002,0.023970352,0.5752885,66924712.301024,66924712301024.0,157.0
1524784468683,gyro,-0.21040644,0.23437679,0.62056583,66924695.546874,66924695546874.0,155.0
1524784468683,gyro,-0.08522792,0.10387153,0.6019222,66924702.474364005,66924702474364.0,156.0
1524784468712,gyro,-0.27166399999999996,0.11985177,0.6392094,66924732.351073,66924732351073.0,159.0
1524784468712,gyro,-0.50337744,0.23171341,0.721774,66924742.238768004,66924742238768.0,160.0
1524784468712,gyro,-0.07990117,0.034623843,0.5806151999999999,66924722.280272,66924722280272.0,158.0
1524784468742,gyro,-0.67916,0.30628785,0.80167514,66924752.248533994,66924752248534.0,161.0
1524784468743,gyro,-0.74041754,0.32493144,0.86559606,66924762.197264,66924762197264.0,162.0
1524784468784,gyro,-0.49006054,0.13050525,0.7777048000000001,66924793.020018004,66924793020018.0,164.0
1524784468784,gyro,-0.69247687,0.29030759999999994,0.8895664000000001,66924772.176512,66924772176512.0,163.0
1524784468785,gyro,-0.48207045,-0.029297099,0.52468437,66924812.093505,66924812093505.0,166.0
1524784468785,gyro,-0.45010996,0.045277335,0.65518963,66924802.11425699,66924802114257.0,165.0
1524784468812,gyro,-0.7963484000000001,-0.24503027,0.22638667,66924842.031249,66924842031249.0,169.0
1524784468812,gyro,-0.67916,-0.17311922,0.30628785,66924832.052001,66924832052001.0,168.0
1524784468812,gyro,-0.5699616999999999,-0.10387153,0.40216926,66924822.072753005,66924822072753.0,167.0
1524784468842,gyro,-0.9454973,-0.31694132,0.15181224,66924852.010497,66924852010497.0,170.0
1524784468884,gyro,-1.1585671,-0.38352564,0.063920945,66924861.989745,66924861989745.0,171.0
1524784468885,gyro,-2.0348167,-0.6019222,-0.28498086,66924892.26318199,66924892263182.0,173.0
1524784468885,gyro,-1.7418456000000002,-0.5193576,-0.17045584,66924883.413085,66924883413085.0,172.0
1524784468885,gyro,-2.2878369999999997,-0.70313036,-0.38885240000000004,66924901.906737,66924901906737.0,174.0
1524784468886,gyro,-2.5088967999999996,-0.80966526,-0.48739716,66924911.885984994,66924911885985.0,175.0
1524784468912,gyro,-2.7113132,-0.91620016,-0.59659547,66924921.895751,66924921895751.0,176.0
1524784468912,gyro,-2.9030762,-1.014745,-0.72710073,66924932.180175,66924932180175.0,177.0
1524784468913,gyro,-3.0761952,-1.1186165000000001,-0.8815763000000001,66924942.159423,66924942159423.0,178.0
1524784468942,top,,,,,,
1524784468942,gyro,-3.2226807999999996,-1.2278148000000002,-1.0600222,66924951.894530006,66924951894530.0,179.0
1524784468975,gyro,-3.4597208,-1.7844596000000001,-2.2079357999999996,66925002.004393004,66925002004393.0,183.0
1524784468975,gyro,-3.4810277999999997,-1.6885782,-1.9549154,66924993.09326,66924993093260.0,182.0
1524784468975,gyro,-3.467711,-1.5820433,-1.7098851000000002,66924983.81591701,66924983815917.0,181.0
1524784468975,gyro,-3.3372059999999997,-1.3476665,-1.2597752,66924962.11791899,66924962117919.0,180.0
1524784469002,gyro,-3.4064536,-1.8723508999999998,-2.4662830000000002,66925011.770018004,66925011770018.0,184.0
1524784469003,gyro,-3.315899,-1.9602422,-2.7326202,66925021.993406996,66925021993407.0,185.0
1524784469003,gyro,-3.2013738,-2.0454702,-3.0042841,66925031.942137,66925031942137.0,186.0
1524784469032,gyro,-3.0708685,-2.1360247,-3.2759482999999996,66925041.707762,66925041707762.0,187.0
1524784469064,gyro,-2.9403634,-2.2345695,-3.5502756,66925051.900634,66925051900634.0,188.0
1524784469065,gyro,-2.6900063,-2.5967882,-4.335970400000001,66925082.387693994,66925082387694.0,190.0
1524784469065,gyro,-2.7486005000000002,-2.4662830000000002,-4.085613700000001,66925073.44604399,66925073446044.0,189.0
1524784469065,gyro,-2.6420654999999997,-2.71664,-4.583664,66925091.817626,66925091817626.0,191.0
1524784469092,gyro,-2.5994515,-2.8338284,-4.8286942999999996,66925101.583251,66925101583251.0,192.0
1524784469092,gyro,-2.5754812,-2.9590068,-5.0577445,66925111.806639,66925111806639.0,193.0
1524784469093,gyro,-2.5994515,-3.1001656000000004,-5.260161,66925121.75537,66925121755370.0,194.0
1524784469122,gyro,-2.6713626,-3.281275,-5.4412704000000005,66925131.520995,66925131520995.0,195.0
1524784469123,gyro,-2.788551,-3.5342953,-5.6170526,66925141.713866,66925141713866.0,196.0
1524784469166,gyro,-2.9456902,-3.8246029999999998,-5.747558000000001,66925151.693114005,66925151693114.0,197.0
1524784469167,gyro,-3.2999187000000005,-3.8911872000000005,-5.633033,66925173.604734994,66925173604735.0,198.0
1524784469167,gyro,-3.3798199,-3.4836912000000004,-5.353379,66925183.03466701,66925183034667.0,199.0
1524784469167,gyro,-3.2839384,-2.9270465,-4.999150299999999,66925191.579589,66925191579589.0,200.0
1524784469217,gyro,-2.9590068,-2.4050255000000003,-4.626278,66925201.497801,66925201497801.0,201.0
1524784469293,gyro,-0.5300111,-0.88690305,-1.150577,66925296.468505,66925296468505.0,202.0
1524784469294,gyro,-0.64187276,-0.56729835,-1.0227351,66925312.124022,66925312124022.0,203.0
1524784469322,gyro,-3.3185623,0.4181495,-0.7777048000000001,66925351.308593005,66925351308593.0,207.0
1524784469322,gyro,-2.5461840000000002,0.34357506,-0.8256455,66925341.787108,66925341787108.0,206.0
1524784469322,gyro,-1.6619445,0.10653489999999999,-0.8815763000000001,66925334.8291,66925334829100.0,205.0
1524784469322,gyro,-0.9854478000000001,-0.22638667,-0.9428339,66925325.338134,66925325338134.0,204.0
1524784469352,gyro,-3.7926425999999998,0.46875358,-0.69247687,66925371.206053,66925371206053.0,209.0
1524784469352,gyro,-3.7420385,0.42081288,-0.72710073,66925361.165769994,66925361165770.0,208.0
1524784469352,gyro,-3.5635924,0.56729835,-0.7377541999999999,66925380.81909101,66925380819091.0,210.0
1524784469382,gyro,-3.1720767000000003,0.6685065,-0.8789129000000001,66925390.798339,66925390798339.0,211.0
1524784469414,gyro,-2.8045313,0.75107104,-1.0493687,66925400.777587,66925400777587.0,212.0
1524784469415,gyro,-2.6180952,0.8283089,-1.2491218000000002,66925422.017821,66925422017821.0,213.0
1524784469415,gyro,-2.759254,0.7963484000000001,-1.2624385,66925430.715331,66925430715331.0,214.0
1524784469415,gyro,-2.9137297,0.74840766,-1.2331415000000001,66925440.694579005,66925440694579.0,215.0
1524784469442,gyro,-3.1001656000000004,0.7324275,-1.1159531,66925460.653075,66925460653075.0,217.0
1524784469442,bottom,,,,,,
1524784469442,gyro,-3.0282544999999996,0.72443736,-1.1745473,66925450.673827,66925450673827.0,216.0
1524784469443,gyro,-3.1720767000000003,0.772378,-1.0760025,66925470.632323,66925470632323.0,218.0
1524784469472,gyro,-3.2359977000000004,0.82031876,-1.0546955,66925480.611571,66925480611571.0,219.0
1524784469472,gyro,-3.2679582000000003,0.8522791999999999,-1.0387152,66925490.590818994,66925490590819.0,220.0
1524784469514,gyro,-3.2573047,0.8469525,-0.9854478000000001,66925500.570067,66925500570067.0,221.0
1524784469515,gyro,-3.2972553,0.7563978,-0.75906116,66925520.681151,66925520681151.0,222.0
1524784469515,gyro,-3.4171068999999994,0.5806151999999999,-0.6498629,66925540.70068199,66925540700682.0,224.0
1524784469515,gyro,-3.3744931000000005,0.67916,-0.6818234000000001,66925530.507810995,66925530507811.0,223.0
1524784469543,gyro,-3.1720767000000003,0.35156518,-0.564635,66925560.445555,66925560445555.0,226.0
1524784469543,gyro,-2.8471452999999998,0.21839654,-0.47940707,66925570.85205,66925570852050.0,227.0
1524784469543,gyro,-3.3611763,0.47408032,-0.6258925,66925550.43579,66925550435790.0,225.0
1524784469572,gyro,-2.4289958,0.07990117,-0.40216926,66925580.373533994,66925580373534.0,228.0
1524784469605,gyro,0.12784189,-0.6285559000000001,-0.35422856,66925630.666503005,66925630666503.0,232.0
1524784469605,gyro,-1.9549154,-0.05060408,-0.37020877,66925590.780028,66925590780028.0,229.0
1524784469605,gyro,-0.9321804,-0.33292156,-0.39684250000000004,66925612.844237,66925612844237.0,230.0
1524784469605,gyro,-0.39950588,-0.4847338,-0.386189,66925620.717772,66925620717772.0,231.0
1524784469637,gyro,0.6285559000000001,-0.7643879,-0.32226807,66925645.803220995,66925645803221.0,233.0
1524784469637,gyro,1.0839926000000002,-0.8842396999999999,-0.30628785,66925652.8833,66925652883300.0,234.0
1524784469637,gyro,1.4994787,-0.99343795,-0.31694132,66925660.512693994,66925660512694.0,235.0
1524784469662,gyro,1.8856678,-1.0866559999999998,-0.34357506,66925670.186766006,66925670186766.0,236.0
1524784469662,gyro,2.2558765,-1.1638938,-0.38086227,66925680.318602,66925680318602.0,237.0
1524784469695,gyro,2.9004128,-1.2864089,-0.42880297,66925704.03076,66925704030760.0,239.0
1524784469695,gyro,2.6047783,-1.2278148000000002,-0.41548613,66925690.145262,66925690145262.0,238.0
1524784469696,gyro,3.1933837000000005,-1.3663101,-0.33292156,66925720.052489005,66925720052489.0,241.0
1524784469696,gyro,3.1081557,-1.3396763999999999,-0.40216926,66925710.073241,66925710073241.0,240.0
1524784469722,gyro,3.16675,-1.3503299,-0.23171341,66925730.458983,66925730458983.0,242.0
1524784469723,gyro,2.908403,-1.0999728000000002,-0.045277335,66925749.990233,66925749990233.0,244.0
1524784469723,gyro,3.0602150000000004,-1.2704287,-0.13316862,66925740.041503005,66925740041503.0,243.0
1524784469752,gyro,2.7059865000000003,-0.8469525,0.063920945,66925759.999999,66925759999999.0,245.0
1524784469753,gyro,2.4210057000000003,-0.5726251,0.25035703,66925769.979247,66925769979247.0,246.0
1524784469794,gyro,2.0694404,-0.386189,0.5140309000000001,66925779.927977,66925779927977.0,247.0
1524784469795,gyro,1.1852008,-0.32759482,1.2251514,66925809.865720995,66925809865721.0,249.0
1524784469795,gyro,1.4249043,-0.34357506,1.0573589,66925801.625975,66925801625975.0,248.0
1524784469795,gyro,0.9907746,-0.23171341,1.3103793,66925819.844969,66925819844969.0,250.0
1524784469822,gyro,0.85494256,-0.05326745,1.3450031,66925829.824218005,66925829824218.0,251.0
1524784469822,gyro,0.772378,0.18909945,1.3716369,66925839.80346601,66925839803466.0,252.0
1524784469823,gyro,0.73509085,0.46076345,1.4142508999999999,66925849.782714,66925849782714.0,253.0
1524784469852,gyro,0.7191105999999999,0.70579374,1.4888252,66925859.761962,66925859761962.0,254.0
1524784469852,gyro,0.7111205,0.88690305,1.5873700000000002,66925869.74121,66925869741210.0,255.0
1524784469885,gyro,0.7111205,0.99343795,1.7045583999999998,66925879.72045799,66925879720458.0,256.0
1524784469885,gyro,0.772378,1.0600222,1.9069748,66925899.25170799,66925899251708.0,257.0
1524784469885,gyro,0.8789129000000001,1.0573589,1.9336083999999998,66925910.05493,66925910054930.0,258.0
1524784469912,gyro,1.0786659,1.0573589,1.8723508999999998,66925920.308837,66925920308837.0,259.0
1524784469912,gyro,1.3769636,1.0760025,1.7684793,66925930.013426,66925930013426.0,260.0
1524784469913,gyro,1.6752613999999997,1.1052996000000002,1.7178752,66925939.901122,66925939901122.0,261.0
1524784469942,top,,,,,,
1524784469942,gyro,1.8616973999999997,1.1132897,1.7524991,66925949.575193994,66925949575194.0,262.0
1524784469943,gyro,1.9043113999999999,1.0839926000000002,1.7897863,66925959.85961801,66925959859618.0,263.0
1524784469974,gyro,1.8723508999999998,1.0467054,1.7471723999999997,66925969.93041899,66925969930419.0,264.0
1524784469975,gyro,1.8377271000000002,1.0866559999999998,1.6006869,66925991.536864005,66925991536864.0,265.0
1524784469975,gyro,1.829737,1.1745473,1.6113403999999998,66925999.868163,66925999868163.0,266.0
1524784470002,gyro,1.9149648999999997,1.4062607,1.651291,66926019.826658994,66926019826659.0,268.0
1524784470002,gyro,1.8430538,1.2864089,1.6406375,66926009.45068199,66926009450682.0,267.0
1524784470003,gyro,2.0481333999999998,1.5287758,1.672598,66926029.805906996,66926029805907.0,269.0
1524784470032,gyro,2.1440148,1.6619445,1.7232020000000001,66926039.357908994,66926039357909.0,270.0
1524784470033,gyro,2.1067276,1.8057666,1.7844596000000001,66926049.764403,66926049764403.0,271.0
1524784470033,gyro,1.9256183999999998,1.9282818,1.8270736,66926059.621581,66926059621581.0,272.0
1524784470075,gyro,0.8602693000000001,2.2052723999999997,2.1147177000000004,66926099.874266006,66926099874266.0,275.0
1524784470075,gyro,1.1159531,2.138688,2.0348167,66926090.474852,66926090474852.0,274.0
1524784470075,gyro,1.6646078999999998,2.0108464,1.8643608,66926069.295653,66926069295653.0,273.0
1524784470102,gyro,0.50071406,2.3251242999999997,2.1706486000000003,66926119.588622,66926119588622.0,277.0
1524784470102,gyro,0.6471995,2.2691934,2.152005,66926110.097655006,66926110097655.0,276.0
1524784470103,gyro,0.40483263,2.3757284,2.2079357999999996,66926129.56787,66926129567870.0,278.0
1524784470132,gyro,0.15713897,2.458293,2.381055,66926149.526366,66926149526366.0,280.0
1524784470132,gyro,0.30628785,2.4210057000000003,2.2825102999999998,66926139.150389,66926139150389.0,279.0
1524784470164,gyro,-0.05060408,2.4822632999999996,2.4902534,66926159.505614005,66926159505614.0,281.0
1524784470165,gyro,-0.5699616999999999,2.4183424,2.666036,66926189.565428,66926189565428.0,283.0
1524784470165,gyro,-0.4660902,2.458293,2.6553824,66926181.112059,66926181112059.0,282.0
1524784470192,gyro,-0.5912687,2.3650748999999998,2.6127683999999998,66926199.025878005,66926199025878.0,284.0
1524784470192,gyro,-0.5513180999999999,2.2958272,2.516887,66926209.401854,66926209401854.0,285.0
1524784470193,gyro,-0.49272390000000005,2.202609,2.4050255000000003,66926219.381102,66926219381102.0,286.0
1524784470228,gyro,-0.43146634,2.074767,2.3197975,66926228.933104,66926228933104.0,287.0
1524784470229,gyro,-0.38086227,1.922955,2.2612033,66926239.248045996,66926239248046.0,288.0
1524784470230,gyro,-0.33824829999999995,1.7604892,2.2132626,66926249.196776,66926249196776.0,289.0
1524784470263,gyro,-0.32759482,1.4302311,1.9922026000000002,66926276.540526,66926276540526.0,291.0
1524784470263,gyro,-0.3196047,1.5980235,2.1360247,66926258.870848,66926258870848.0,290.0
1524784470263,gyro,-0.34357506,1.2411317,1.7791328000000002,66926282.369384,66926282369384.0,292.0
1524784470263,gyro,-0.34091170000000004,1.0280617,1.5261124,66926288.778075,66926288778075.0,293.0
1524784470292,gyro,-0.29030759999999994,0.79901177,1.2624385,66926298.757323,66926298757323.0,294.0
1524784470292,gyro,-0.18377271,0.54865474,0.9961013000000001,66926308.736571,66926308736571.0,295.0
1524784470293,gyro,-0.034623843,0.292971,0.7191105999999999,66926318.715818994,66926318715819.0,296.0
1524784470322,gyro,0.12517852,0.031960472000000004,0.41015938,66926328.725585,66926328725585.0,297.0
1524784470323,gyro,0.26900062,-0.21573317,0.058594197,66926338.70483299,66926338704833.0,298.0
1524784470358,gyro,0.35955529999999997,-0.45810008,-0.33292156,66926348.684081,66926348684081.0,299.0
1524784470359,gyro,0.26900062,-0.9534874,-1.2171613000000001,66926370.046385,66926370046385.0,300.0
1524784470382,gyro,-0.29030759999999994,-1.3636466999999999,-2.0481333999999998,66926392.110594,66926392110594.0,302.0
1524784470382,gyro,-0.29030759999999994,-1.3636466999999999,-2.0481333999999998,66926385.457762,66926385457762.0,301.0
1524784470382,gyro,-1.0946461,-1.6326473999999997,-2.687343,66926408.559568994,66926408559569.0,304.0
1524784470382,gyro,-0.6978036,-1.5048053999999997,-2.3837185,66926398.854979,66926398854979.0,303.0
1524784470412,gyro,-1.544756,-1.9575788,-3.3265523999999997,66926428.487548,66926428487548.0,306.0
1524784470412,gyro,-1.6113403999999998,-2.138688,-3.6355035000000004,66926438.466795996,66926438466796.0,307.0
1524784470412,gyro,-1.3876171,-1.7817962,-2.9989574,66926418.5083,66926418508300.0,305.0
1524784470455,bottom,,,,,,
1524784470455,gyro,-1.6646078999999998,-2.3118074,-3.8911872000000005,66926448.44604399,66926448446044.0,308.0
1524784470455,gyro,-1.7285287,-2.4796,-4.104257,66926462.453612,66926462453612.0,309.0
1524784470456,gyro,-1.7631526000000002,-2.6473923,-4.2960199999999995,66926468.374022,66926468374022.0,310.0
1524784470456,gyro,-1.7338555,-2.7858877,-4.466476,66926478.353269994,66926478353270.0,311.0
1524784470482,gyro,-1.6406375,-2.8764423999999997,-4.5996440000000005,66926488.363036,66926488363036.0,312.0
1524784470483,gyro,-1.5154590000000001,-2.9137297,-4.7008524000000005,66926498.372801,66926498372801.0,313.0
1524784470483,gyro,-1.3822903999999998,-2.8844326000000002,-4.7727637000000005,66926508.321531996,66926508321532.0,314.0
1524784470512,gyro,-1.2677653,-2.7832242999999997,-4.8100510000000005,66926518.300780006,66926518300780.0,315.0
1524784470512,gyro,-1.201181,-2.6047783,-4.7727637000000005,66926528.371581,66926528371581.0,316.0
1524784470544,gyro,-1.201181,-2.373065,-4.6289415,66926538.259276,66926538259276.0,317.0
1524784470545,gyro,-1.3343496000000001,-1.8909945,-4.019029,66926559.713134,66926559713134.0,318.0
1524784470545,gyro,-1.4169142,-1.6779248,-3.62485,66926568.746337,66926568746337.0,319.0
1524784470572,gyro,-1.4834985,-1.4914886,-3.2146907000000002,66926578.176268004,66926578176268.0,320.0
1524784470572,gyro,-1.5420927,-1.337013,-2.8151848,66926588.155516006,66926588155516.0,321.0
1524784470573,gyro,-1.6006869,-1.2091712,-2.444976,66926598.134764,66926598134764.0,322.0
1524784470602,gyro,-1.6779248,-1.0946461,-2.117381,66926608.083495,66926608083495.0,323.0
1524784470603,gyro,-1.8217468,-0.8815763000000001,-1.6086770000000001,66926628.377684,66926628377684.0,325.0
1524784470603,gyro,-1.7604892,-0.9881112,-1.8377271000000002,66926618.09326,66926618093260.0,324.0
1524784470644,gyro,-1.8403903999999998,-0.78036815,-1.4302311,66926638.05175699,66926638051757.0,326.0
1524784470645,gyro,-1.8723508999999998,-0.47940707,-1.1399235,66926668.660887,66926668660887.0,328.0
1524784470645,gyro,-1.8217468,-0.5726251,-1.2118345,66926659.291991,66926659291991.0,327.0
1524784470673,gyro,-2.223916,-0.32493144,-0.9854478000000001,66926687.947997,66926687947997.0,330.0
1524784470673,gyro,-2.0135098,-0.39684250000000004,-1.0626856000000002,66926677.938231006,66926677938231.0,329.0
1524784470674,gyro,-2.4076889,-0.27166399999999996,-0.94816065,66926698.201903,66926698201903.0,331.0
1524784470702,gyro,-2.4716098,-0.2423669,-0.9801211,66926707.875975,66926707875975.0,332.0
1524784470703,gyro,-2.4210057000000003,-0.21573317,-1.0626856000000002,66926718.251952,66926718251952.0,333.0
1524784470734,gyro,-2.3570848,-0.17578259,-1.1559037,66926728.139647,66926728139647.0,334.0
1524784470735,gyro,-2.4263325,-0.117188394,-1.3609833999999998,66926749.410399,66926749410399.0,335.0
1524784470735,gyro,-2.4636197,-0.15181224,-1.4888252,66926758.962401,66926758962401.0,336.0
1524784470763,gyro,-2.223916,-0.292971,-1.7631526000000002,66926778.035887,66926778035887.0,338.0
1524784470763,gyro,-2.4050255000000003,-0.21573317,-1.6219938999999999,66926767.751464,66926767751464.0,337.0
1524784470763,gyro,-1.9389352,-0.3781989,-1.9123014999999999,66926788.106688,66926788106688.0,339.0
1524784470793,gyro,-1.5953602,-0.47408032,-2.066777,66926797.68920799,66926797689208.0,340.0
1524784470793,gyro,-1.222488,-0.5806151999999999,-2.2132626,66926808.065184,66926808065184.0,341.0
1524784470793,gyro,-0.8256455,-0.69247687,-2.3384411,66926818.04443199,66926818044432.0,342.0
1524784470834,gyro,-0.39684250000000004,-0.80167514,-2.4263325,66926827.596434,66926827596434.0,343.0
1524784470835,gyro,0.564635,-0.9241903,-2.4289958,66926849.29443199,66926849294432.0,344.0
1524784470835,gyro,1.0520321000000001,-0.90821004,-2.3144708,66926858.632810995,66926858632811.0,345.0
1524784470862,gyro,1.4914886,-0.8442891,-2.1147177000000004,66926867.543943994,66926867543944.0,346.0
1524784470863,gyro,1.8483806,-0.74840766,-1.8217468,66926877.79785,66926877797850.0,347.0
1524784470863,gyro,2.0907473999999997,-0.64453614,-1.4462113,66926887.89916899,66926887899169.0,348.0
1524784470892,gyro,2.2105992000000003,-0.564635,-1.0120816,66926897.451170996,66926897451171.0,349.0
1524784470892,gyro,2.2345695,-0.5326744999999999,-0.54865474,66926907.857665,66926907857665.0,350.0
1524784470925,gyro,2.223916,-0.5539814999999999,-0.08522792,66926917.836913,66926917836913.0,351.0
1524784470925,gyro,2.2079357999999996,-0.51669425,0.79901177,66926939.199218005,66926939199218.0,352.0
1524784470925,gyro,2.1466782,-0.30895123,1.201181,66926947.744139,66926947744139.0,353.0
1524784470952,gyro,2.0028563000000004,0.039950587,1.5633997,66926957.326658994,66926957326659.0,354.0
1524784470953,gyro,1.7924497,0.45277333,1.8750143,66926967.61108299,66926967611083.0,355.0
1524784470953,gyro,1.5580729,0.81232864,2.138688,66926977.590331,66926977590331.0,356.0
1524784470982,gyro,1.3636466999999999,1.044042,2.373065,66926987.264403,66926987264403.0,357.0
1524784470982,gyro,1.2597752,1.1452502,2.580808,66926997.64038,66926997640380.0,358.0
1524784470982,top,,,,,,
1524784470983,gyro,1.251785,1.1692206,2.7539272,66927007.619628005,66927007619628.0,359.0
1524784471028,gyro,1.4834985,1.2491218000000002,2.9190563999999997,66927040.364989005,66927040364989.0,360.0
1524784471028,gyro,1.5527461999999999,1.2917356000000002,2.852472,66927047.292479,66927047292479.0,361.0
1524784471052,gyro,1.6566178,1.3103793,2.6154318,66927067.403563,66927067403563.0,363.0
1524784471052,gyro,1.7072217,1.3050525,2.4982436000000003,66927077.108153,66927077108153.0,364.0
1524784471052,gyro,1.6060136999999999,1.3130426000000002,2.7432737,66927057.149656996,66927057149657.0,362.0
1524784471082,gyro,1.9708956000000002,1.3689735,2.309144,66927097.005614005,66927097005614.0,366.0
1524784471082,gyro,1.7924497,1.3183694,2.3996987,66927087.026366,66927087026366.0,365.0
1524784471114,gyro,2.6633725,1.7418456000000002,2.2212527,66927128.377684,66927128377684.0,369.0
1524784471114,gyro,2.2505498,1.4621916000000001,2.2452229999999997,66927106.954344,66927106954344.0,367.0
1524784471114,gyro,2.623422,1.8723508999999998,2.202609,66927136.892089,66927136892089.0,370.0
1524784471114,gyro,2.5275404,1.5926968000000001,2.2212527,66927124.257810995,66927124257811.0,368.0
1524784471142,gyro,2.4982436000000003,1.9602422,2.181302,66927146.871337,66927146871337.0,371.0
1524784471143,gyro,2.301154,2.1040642000000003,2.2825102999999998,66927166.86035,66927166860350.0,373.0
1524784471143,gyro,2.3863819,2.0241632,2.2052723999999997,66927156.91162,66927156911620.0,372.0
1524784471182,gyro,1.9549154,2.3411044999999997,2.4396492999999997,66927186.818845995,66927186818846.0,375.0
1524784471182,gyro,2.1759752999999997,2.2159259999999996,2.3704016,66927176.839598,66927176839598.0,374.0
1524784471183,gyro,1.651291,2.4343226000000002,2.5088967999999996,66927196.798094,66927196798094.0,376.0
1524784471214,gyro,0.91620016,2.567491,2.8125215,66927226.857908994,66927226857909.0,378.0
1524784471214,gyro,1.3423398000000002,2.4902534,2.6047783,66927206.777343005,66927206777343.0,377.0
1524784471215,gyro,0.81232864,2.6154318,2.8551354,66927236.715087,66927236715087.0,379.0
1524784471246,gyro,0.721774,2.745937,2.966997,66927266.652831,66927266652831.0,382.0
1524784471246,gyro,0.73509085,2.7086499,2.8977494,66927256.67358299,66927256673583.0,381.0
1524784471246,gyro,0.7563978,2.6633725,2.8711157000000003,66927246.694335,66927246694335.0,380.0
1524784471246,gyro,0.6871501,2.7752342,3.0575516,66927276.601560995,66927276601561.0,383.0
1524784471277,gyro,0.6125757,2.7965412,3.1294627,66927286.611327,66927286611327.0,384.0
1524784471306,gyro,0.13583199999999998,2.8285017000000003,3.0708685,66927318.807372,66927318807372.0,386.0
1524784471306,gyro,0.48207045,2.823175,3.1587598,66927296.987303,66927296987303.0,385.0
1524784471309,gyro,0.013316861999999999,2.7912145,2.996294,66927326.833495,66927326833495.0,387.0
1524784471332,gyro,-0.28498086,2.674026,2.9696602999999997,66927356.405028,66927356405028.0,390.0
1524784471332,gyro,-0.15713897,2.7272935,2.9590068,66927346.791991,66927346791991.0,389.0
1524784471332,gyro,-0.063920945,2.7565906000000004,2.9563433999999997,66927336.507567,66927336507567.0,388.0
1524784471332,gyro,-0.4181495,2.5728178,2.9430267999999997,66927366.41479399,66927366414794.0,391.0
1524784471372,gyro,-0.5140309000000001,2.444976,2.8684523,66927376.39404201,66927376394042.0,392.0
1524784471372,gyro,-0.56729835,2.3118074,2.767244,66927386.37329,66927386373290.0,393.0
1524784471403,gyro,-0.6498629,1.5048053999999997,1.8510438999999999,66927436.239012,66927436239012.0,398.0
1524784471403,gyro,-0.6498629,1.6992317,2.1120542999999996,66927426.259764,66927426259764.0,397.0
1524784471403,gyro,-0.64187276,1.8723508999999998,2.330451,66927417.440184,66927417440184.0,396.0
1524784471403,gyro,-0.6232291999999999,2.0321534,2.5088967999999996,66927413.228759,66927413228759.0,395.0
1524784471403,gyro,-0.6019222,2.1759752999999997,2.6473923,66927396.322019994,66927396322020.0,394.0
1524784471442,gyro,-0.5912687,1.0094181999999998,1.2411317,66927456.502684,66927456502684.0,400.0
1524784471442,gyro,-0.6285559000000001,1.2730920000000001,1.5580729,66927446.553954005,66927446553954.0,399.0
1524784471442,gyro,-0.5433279999999999,0.7191105999999999,0.90554667,66927466.48193199,66927466481932.0,401.0
1524784471482,gyro,-0.4953873,0.43146634,0.54599136,66927476.156005,66927476156005.0,402.0
1524784471482,gyro,-0.44478320000000005,0.16779247,0.16779247,66927486.440428,66927486440428.0,403.0
1524784471482,bottom,,,,,,
1524784471483,gyro,-0.292971,-0.24503027,-0.6232291999999999,66927503.957518004,66927503957518.0,404.0
1524784471483,gyro,-0.292971,-0.24503027,-0.6232291999999999,66927508.138426,66927508138426.0,405.0
1524784471483,gyro,-0.19708957,-0.42347625,-1.0333885,66927516.072997,66927516072997.0,406.0
1524784471512,gyro,-0.15181224,-1.044042,-2.1706486000000003,66927546.31591701,66927546315917.0,409.0
1524784471512,gyro,-0.087891296,-0.82031876,-1.8164201000000002,66927536.367185995,66927536367186.0,408.0
1524784471512,gyro,-0.117188394,-0.6125757,-1.4355578000000002,66927526.174315006,66927526174315.0,407.0
1524784471542,gyro,-0.44744658,-1.4542015,-2.831165,66927566.274413,66927566274413.0,411.0
1524784471542,gyro,-0.3009611,-1.2597752,-2.5009067000000003,66927556.295165,66927556295165.0,410.0
1524784471573,gyro,-0.7297640999999999,-1.9842125,-3.739375,66927602.681884,66927602681884.0,414.0
1524784471573,gyro,-0.5193576,-1.6353108,-3.1587598,66927576.406249,66927576406249.0,412.0
1524784471573,gyro,-0.56729835,-1.8164201000000002,-3.4650476,66927586.202391006,66927586202391.0,413.0
1524784471602,gyro,-2.4289958,-2.4822632999999996,-4.684872,66927635.793456,66927635793456.0,418.0
1524784471602,gyro,-1.0999728000000002,-2.1227077999999997,-3.9950588,66927607.076415,66927607076415.0,415.0
1524784471602,gyro,-2.0800939,-2.3624115000000003,-4.482456,66927626.119384,66927626119384.0,417.0
1524784471602,gyro,-1.6033503,-2.2398963,-4.2454157,66927616.170653,66927616170653.0,416.0
1524784471634,gyro,-2.9004128,-2.5088967999999996,-5.0018134000000005,66927656.087644994,66927656087645.0,420.0
1524784471634,gyro,-2.674026,-2.5435207,-4.8579917,66927645.92529201,66927645925292.0,419.0
1524784471672,gyro,-3.132126,-2.4076889,-5.1216655,66927665.792234994,66927665792235.0,421.0
1524784471673,gyro,-3.2439877999999998,-2.074767,-5.233527,66927699.514158994,66927699514159.0,424.0
1524784471673,gyro,-3.2439877999999998,-2.074767,-5.233527,66927695.302733,66927695302733.0,423.0
1524784471673,gyro,-3.3079087999999994,-2.301154,-5.2015667,66927676.015624,66927676015624.0,422.0
1524784471673,gyro,-3.0282544999999996,-1.9282818,-5.2148832999999994,66927705.67871,66927705678710.0,425.0
1524784471703,gyro,-2.330451,-1.6992317,-5.1589527,66927725.94238199,66927725942382.0,427.0
1524784471703,gyro,-1.829737,-1.629984,-5.0630713,66927735.891112,66927735891112.0,428.0
1524784471703,gyro,-2.7272935,-1.7951131,-5.19624,66927715.74951,66927715749510.0,426.0
1524784471733,gyro,-0.10653489999999999,-1.4142508999999999,-4.2480793,66927765.493163,66927765493163.0,431.0
1524784471733,gyro,-0.657853,-1.4861618,-4.5916543,66927758.962401,66927758962401.0,430.0
1524784471733,gyro,-1.251785,-1.5580729,-4.873972,66927745.870359994,66927745870360.0,429.0
1524784471783,gyro,0.89755654,-1.1106263,-2.7725708,66927815.389403,66927815389403.0,436.0
1524784471783,gyro,0.9641409,-1.1399235,-3.0122743,66927805.440673,66927805440673.0,435.0
1524784471783,gyro,0.90821004,-1.201181,-3.2759482999999996,66927795.705565006,66927795705565.0,434.0
1524784471783,gyro,0.35422856,-1.3476665,-3.8991773000000003,66927775.624999,66927775624999.0,432.0
1524784471783,gyro,0.70313036,-1.2757553999999998,-3.5715826,66927791.646727,66927791646727.0,433.0
1524784471812,gyro,0.4847338,-1.0546955,-2.2825102999999998,66927835.347899,66927835347899.0,438.0
1524784471812,gyro,0.13316862,-1.0094181999999998,-2.0348167,66927845.327147,66927845327147.0,439.0
1524784471812,gyro,0.74041754,-1.0893193,-2.5355306,66927825.39916899,66927825399169.0,437.0
1524784471843,gyro,-0.564635,-0.92685366,-1.7072217,66927865.651854,66927865651854.0,441.0
1524784471843,gyro,-0.2423669,-0.9694676,-1.8350636999999999,66927855.336913,66927855336913.0,440.0
1524784471882,gyro,-0.92685366,-0.75107104,-1.6592811,66927915.181884,66927915181884.0,446.0
1524784471882,gyro,-0.7856949000000001,-0.86559606,-1.629984,66927881.276854,66927881276854.0,442.0
1524784471882,gyro,-0.91620016,-0.7936850000000001,-1.5873700000000002,66927885.57983299,66927885579833.0,443.0
1524784471882,gyro,-0.98278445,-0.7430809,-1.5793799,66927895.223387,66927895223387.0,444.0
1524784471882,gyro,-0.9881112,-0.72710073,-1.6086770000000001,66927905.202635,66927905202635.0,445.0
1524784471912,gyro,-0.7883583000000001,-0.80966526,-1.6992317,66927925.16113199,66927925161132.0,447.0
1524784471912,gyro,-0.5939321,-0.88690305,-1.7178752,66927935.14038,66927935140380.0,448.0
1524784471954,gyro,-0.37020877,-0.95615077,-1.7205386000000003,66927945.119628005,66927945119628.0,449.0
1524784471954,gyro,-0.13583199999999998,-0.9961013000000001,-1.7152119,66927960.469969,66927960469969.0,450.0
1524784471954,gyro,0.09055467,-0.9987647,-1.7018951,66927965.047606006,66927965047606.0,451.0
1524784471954,gyro,0.30895123,-0.9694676,-1.6672713,66927975.026854,66927975026854.0,452.0
1524784471982,gyro,0.48207045,-0.9108734,-1.6033503,66927985.067137,66927985067137.0,453.0
1524784471982,top,,,,,,
1524784471983,gyro,0.564635,-0.8389624,-1.5048053999999997,66927995.32104399,66927995321044.0,454.0
1524784471983,gyro,0.53800124,-0.7750414000000001,-1.3503299,66928005.30029201,66928005300292.0,455.0
1524784472012,gyro,0.16512910000000003,-0.71644723,-0.47141695,66928039.72412,66928039724120.0,458.0
1524784472012,gyro,0.28764424,-0.7377541999999999,-0.80966526,66928025.258788,66928025258788.0,457.0
1524784472012,gyro,0.43146634,-0.7430809,-1.1159531,66928015.00488199,66928015004882.0,456.0
1524784472013,gyro,0.14115874,-0.63388264,-0.17045584,66928044.88159101,66928044881591.0,459.0
1524784472043,gyro,0.26633725,-0.47408032,0.07191106,66928055.745848,66928055745848.0,460.0
1524784472043,gyro,0.49006054,-0.23970354,0.3009611,66928064.840087,66928064840087.0,461.0
1524784472043,gyro,0.6711699000000001,0.034623843,0.54599136,66928074.819335,66928074819335.0,462.0
1524784472072,gyro,0.7457443,0.28764424,0.80966526,66928084.951170996,66928084951171.0,463.0
1524784472072,gyro,0.80167514,0.44478320000000005,1.0733391,66928095.08300699,66928095083007.0,464.0
1524784472102,gyro,0.9694676,0.50071406,1.3316863,66928105.092772,66928105092772.0,465.0
1524784472103,gyro,1.8217468,0.63121927,1.8883311999999999,66928135.030516006,66928135030516.0,468.0
1524784472103,gyro,1.566063,0.5699616999999999,1.7578258999999998,66928125.81420799,66928125814208.0,467.0
1524784472103,gyro,1.2544483999999998,0.52468437,1.5713898000000002,66928121.389158994,66928121389159.0,466.0
1524784472132,gyro,2.301154,0.7377541999999999,2.1147177000000004,66928154.958495,66928154958495.0,470.0
1524784472132,gyro,2.623422,0.82298213,2.2079357999999996,66928164.663085,66928164663085.0,471.0
1524784472132,gyro,2.0454702,0.68448675,2.0001929,66928144.796141006,66928144796141.0,469.0
1524784472162,gyro,3.3292157999999996,1.2757553999999998,2.088084,66928194.906005,66928194906005.0,474.0
1524784472162,gyro,3.2013738,1.1132897,2.1866288,66928184.957274,66928184957274.0,473.0
1524784472162,gyro,2.951017,0.9534874,2.2372330000000002,66928174.733885,66928174733885.0,472.0
1524784472195,gyro,3.281275,1.6086770000000001,1.9655688999999998,66928212.789305,66928212789305.0,475.0
1524784472195,gyro,3.145443,1.8057666,1.9682323,66928224.477538,66928224477538.0,477.0
1524784472195,gyro,3.281275,1.6086770000000001,1.9655688999999998,66928217.000731006,66928217000731.0,476.0
1524784472222,gyro,2.9377,2.0268266,1.9895393,66928234.609374,66928234609374.0,478.0
1524784472222,gyro,2.652719,2.2505498,2.0214999,66928245.53466701,66928245534667.0,479.0
1524784472222,gyro,2.301154,2.458293,2.0721037,66928254.415281996,66928254415282.0,480.0
1524784472252,gyro,1.8989846999999997,2.6340754,2.1493416,66928264.425048,66928264425048.0,481.0
1524784472252,gyro,1.4781716999999999,2.767244,2.2558765,66928274.434813,66928274434813.0,482.0
1524784472294,gyro,0.7563978,2.9456902,2.4796,66928298.330077,66928298330077.0,484.0
1524784472294,gyro,1.0839926000000002,2.865789,2.3704016,66928284.353026,66928284353026.0,483.0
1524784472294,gyro,0.522021,3.0202644,2.5834713,66928304.311522,66928304311522.0,485.0
1524784472295,gyro,0.37553552,3.1081557,2.687343,66928314.290769994,66928314290770.0,486.0
1524784472295,gyro,0.27432737,3.2120273,2.8125215,66928324.300536,66928324300536.0,487.0
1524784472342,gyro,0.16779247,3.3265523999999997,2.974987,66928334.279783994,66928334279784.0,488.0
1524784472342,gyro,0.029297099,3.4091167,3.1481063,66928344.228514,66928344228514.0,489.0
1524784472342,gyro,-0.10653489999999999,3.4277604,3.2839384,66928354.207762,66928354207762.0,490.0
1524784472343,gyro,-0.19975294,3.3904734,3.3558495,66928364.18701,66928364187010.0,491.0
1524784472383,gyro,-0.29563436,3.1054923999999997,3.5156517,66928414.083251,66928414083251.0,496.0
1524784472383,gyro,-0.2610105,3.2040372,3.497008,66928404.104003005,66928404104003.0,495.0
1524784472383,gyro,-0.23171341,3.2786117,3.454394,66928395.43701,66928395437010.0,494.0
1524784472383,gyro,-0.22105992,3.315899,3.4064536,66928391.378173,66928391378173.0,493.0
1524784472383,gyro,-0.22372329,3.345196,3.3798199,66928374.166259,66928374166259.0,492.0
1524784472412,gyro,-0.34357506,2.852472,3.4570575,66928444.020995,66928444020995.0,499.0
1524784472412,gyro,-0.34357506,2.9350367000000004,3.4757010000000004,66928434.041747,66928434041747.0,498.0
1524784472412,gyro,-0.32226807,3.017601,3.5023348,66928424.062499,66928424062499.0,497.0
1524784472442,gyro,-0.2823175,2.7139766,3.4171068999999994,66928464.315184,66928464315184.0,501.0
1524784472442,gyro,-0.31694132,2.7752342,3.4437406000000004,66928453.969725,66928453969725.0,500.0
1524784472473,gyro,-0.20507969,2.5701544,3.251978,66928488.607176,66928488607176.0,503.0
1524784472473,gyro,-0.24503027,2.652719,3.3505227999999994,66928474.29443199,66928474294432.0,502.0
1524784472473,gyro,-0.15980235,2.4636197,3.1560965,66928494.497068994,66928494497069.0,504.0
1524784472473,gyro,-0.09588141,2.3331144,3.081522,66928503.86596601,66928503865966.0,505.0
1524784472502,gyro,-0.015980236000000002,2.1972822999999995,3.0202644,66928514.241942,66928514241942.0,506.0
1524784472502,gyro,0.061257567,2.0721037,2.9350367000000004,66928524.160155006,66928524160155.0,507.0
1524784472502,bottom,,,,,,
1524784472503,gyro,0.12517852,1.9602422,2.8071947,66928533.834227,66928533834227.0,508.0
1524784472542,gyro,0.2423669,1.7072217,2.4183424,66928554.097899,66928554097899.0,510.0
1524784472542,gyro,0.17578259,1.8457172,2.6287487,66928543.966063,66928543966063.0,509.0
1524784472573,gyro,0.3489018,0.73509085,0.94816065,66928603.963622,66928603963622.0,514.0
1524784472573,gyro,0.34091170000000004,1.5367659,2.1839654,66928564.1687,66928564168700.0,511.0
1524784472573,gyro,0.53800124,1.1479136,1.6166672,66928584.157714,66928584157714.0,512.0
1524784472573,gyro,0.5140309000000001,0.9534874,1.2837455,66928594.075926,66928594075926.0,513.0
1524784472602,gyro,-0.23437679,0.28764424,0.34623843,66928623.92211801,66928623922118.0,516.0
1524784472602,gyro,0.06658431,0.5060408,0.63388264,66928613.759764,66928613759764.0,515.0
1524784472602,gyro,-0.43945646,0.10387153,0.061257567,66928633.931884,66928633931884.0,517.0
1524784472632,gyro,-0.4554367,-0.19975294,-0.59925884,66928653.859862,66928653859862.0,519.0
1524784472632,gyro,-0.49272390000000005,-0.047940705,-0.24769364,66928643.697509,66928643697509.0,518.0
1524784472662,gyro,-0.46076345,-0.36221868,-0.9987647,66928663.564452,66928663564452.0,520.0
1524784472663,gyro,-0.94816065,-0.8922298000000001,-2.2185892999999997,66928693.746337,66928693746337.0,523.0
1524784472663,gyro,-0.76971465,-0.7084571,-1.8430538,66928685.445555,66928685445555.0,522.0
1524784472663,gyro,-0.5752885,-0.5326744999999999,-1.4275677,66928679.64721601,66928679647216.0,521.0
1524784472692,gyro,-1.0467054,-1.0866559999999998,-2.5621642999999996,66928704.03076,66928704030760.0,524.0
1524784472692,gyro,-1.1692206,-1.4542015,-3.259968,66928723.378905006,66928723378905.0,526.0
1524784472692,gyro,-1.0919827,-1.2810822,-2.9030762,66928713.430175,66928713430175.0,525.0
1524784472723,gyro,-1.5847067,-1.7738061,-3.9417913,66928743.337401,66928743337401.0,528.0
1524784472723,gyro,-1.337013,-1.6086770000000001,-3.61686,66928733.358153,66928733358153.0,527.0
1524784472763,gyro,-2.0987375,-2.3783917000000003,-4.666229,66928774.007567,66928774007567.0,530.0
1524784472763,gyro,-1.8324003,-1.9682323,-4.2214456,66928753.34716701,66928753347167.0,529.0
1524784472763,gyro,-2.1147177000000004,-2.610105,-5.044427400000001,66928793.538817,66928793538817.0,532.0
1524784472763,gyro,-2.1147177000000004,-2.5222137000000004,-4.8659816,66928783.590087,66928783590087.0,531.0
1524784472792,gyro,-2.1147177000000004,-2.6580458,-5.1935763,66928803.33496,66928803334960.0,533.0
1524784472792,gyro,-2.0827572,-2.6926696,-5.332072,66928813.558348,66928813558348.0,534.0
1524784472792,gyro,-1.9682323,-2.71664,-5.462577,66928823.537595995,66928823537596.0,535.0
1524784472822,gyro,-1.765816,-2.7272935,-5.5797653,66928833.272704005,66928833272704.0,536.0
1524784472822,gyro,-1.4861618,-2.737947,-5.6596665,66928843.465575,66928843465575.0,537.0
1524784472853,gyro,-0.8176554,-2.7619173999999997,-5.6942905999999995,66928867.543943994,66928867543944.0,539.0
1524784472853,gyro,-1.1638938,-2.7512639,-5.699617400000001,66928853.414305,66928853414305.0,538.0
1524784472853,gyro,-0.47141695,-2.7486005000000002,-5.6436863,66928873.342283994,66928873342284.0,540.0
1524784472853,gyro,-0.14382212,-2.7006598,-5.5371513,66928883.443602,66928883443602.0,541.0
1524784472884,gyro,0.15980235,-2.6367388,-5.3853393,66928894.094237,66928894094237.0,542.0
1524784472884,gyro,0.4660902,-2.5648277000000004,-5.180259700000001,66928903.00537,66928903005370.0,543.0
1524784472885,gyro,0.7777048000000001,-2.4662830000000002,-4.9059324,66928914.449462,66928914449462.0,544.0
1524784472912,gyro,1.0467054,-2.3357778,-4.554367,66928923.085935995,66928923085936.0,545.0
1524784472912,gyro,1.2118345,-2.2079357999999996,-4.144207499999999,66928933.309325,66928933309325.0,546.0
1524784472943,gyro,1.2624385,-2.109391,-3.7207315000000003,66928942.891844,66928942891844.0,547.0
1524784472943,gyro,0.93750715,-1.8989846999999997,-2.5142236000000002,66928972.829589,66928972829589.0,550.0
1524784472943,gyro,1.1212798000000002,-1.9762224,-2.9004128,66928963.094481006,66928963094481.0,549.0
1524784472943,gyro,1.2278148000000002,-2.0428069,-3.3052454,66928958.394774,66928958394774.0,548.0
1524784472972,gyro,0.19176282,-1.6672713,-1.6832515,66929002.79785,66929002797850.0,553.0
1524784472972,gyro,0.42613959999999995,-1.7418456000000002,-1.8936578999999998,66928992.788085,66928992788085.0,552.0
1524784472972,gyro,0.69247687,-1.8190834999999999,-2.1706486000000003,66928982.808837,66928982808837.0,551.0
1524784473002,top,,,,,,
1524784473002,gyro,-0.007990118000000001,-1.4675183,-1.2704287,66929032.735594,66929032735594.0,556.0
1524784473002,gyro,-0.023970352,-1.5261124,-1.379627,66929022.756345995,66929022756346.0,555.0
1524784473002,gyro,0.034623843,-1.5926968000000001,-1.5181223,66929012.777098,66929012777098.0,554.0
1524784473054,gyro,0.29030759999999994,-1.3743002,-1.171884,66929062.39868,66929062398680.0,558.0
1524784473054,gyro,0.055930823,-1.4195776000000002,-1.1985177,66929042.714843005,66929042714843.0,557.0
1524784473055,gyro,0.4660902,-1.3689735,-1.1958543,66929071.370848,66929071370848.0,559.0
1524784473055,gyro,0.4660902,-1.3689735,-1.1958543,66929077.840575,66929077840575.0,560.0
1524784473055,gyro,0.67916,-1.35832,-1.222488,66929084.58496,66929084584960.0,561.0
1524784473082,gyro,0.90554667,-1.3236961,-1.2331415000000001,66929092.580565006,66929092580565.0,562.0
1524784473082,gyro,1.1905276000000002,-1.150577,-1.1638938,66929112.539060995,66929112539061.0,564.0
1524784473082,gyro,1.0919827,-1.251785,-1.2171613000000001,66929102.559813,66929102559813.0,563.0
1524784473112,gyro,1.1798741000000001,-1.0333885,-1.0520321000000001,66929122.579344,66929122579344.0,565.0
1524784473144,gyro,1.0813291999999999,-0.721774,-0.48207045,66929153.341063,66929153341063.0,567.0
1524784473144,gyro,1.0999728000000002,-0.91620016,-0.88690305,66929132.49755699,66929132497557.0,566.0
1524784473145,gyro,1.1878642,-0.44744658,-0.087891296,66929172.75024301,66929172750243.0,569.0
1524784473145,gyro,1.1692206,-0.60724896,-0.27699074,66929162.98461801,66929162984618.0,568.0
1524784473172,gyro,0.9321804,-0.05060408,0.24503027,66929192.769774,66929192769774.0,571.0
1524784473172,gyro,1.0839926000000002,-0.2530204,0.07990117,66929182.51586801,66929182515868.0,570.0
1524784473173,gyro,0.8602693000000001,0.16246572,0.42880297,66929202.687987,66929202687987.0,572.0
1524784473202,gyro,0.9321804,0.4181495,0.60991234,66929212.453612,66929212453612.0,573.0
1524784473202,gyro,1.0893193,0.7297640999999999,0.7563978,66929222.646483,66929222646483.0,574.0
1524784473245,gyro,1.1931909,1.5793799,1.3822903999999998,66929263.05175699,66929263051757.0,577.0
1524784473245,gyro,1.2091712,1.4994787,1.1692206,66929253.774413,66929253774413.0,576.0
1524784473245,gyro,1.2171613000000001,1.0573589,0.86825943,66929232.625731006,66929232625731.0,575.0
1524784473246,gyro,1.243795,1.6406375,1.5527461999999999,66929272.542723,66929272542723.0,578.0
1524784473272,gyro,1.5048053999999997,1.8723508999999998,1.6326473999999997,66929292.501219,66929292501219.0,580.0
1524784473272,gyro,1.3609833999999998,1.7338555,1.629984,66929282.308348,66929282308348.0,579.0
1524784473273,gyro,1.6406375,2.03748,1.6086770000000001,66929302.480468005,66929302480468.0,581.0
1524784473314,gyro,1.4861618,2.745937,1.5500828000000002,66929343.801268004,66929343801268.0,584.0
1524784473314,gyro,1.7311921000000001,2.3837185,1.5926968000000001,66929322.438964,66929322438964.0,583.0
1524784473314,gyro,1.7258653999999998,2.2105992000000003,1.5980235,66929312.215575,66929312215575.0,582.0
1524784473347,gyro,1.0626856000000002,3.1481063,1.6193305,66929362.355956,66929362355956.0,586.0
1524784473347,gyro,1.2864089,2.9403634,1.5554096000000002,66929352.559813,66929352559813.0,585.0
1524784473372,gyro,0.19975294,3.6861076,2.1253712000000005,66929392.2937,66929392293700.0,589.0
1524784473372,gyro,0.52468437,3.5369587,1.9149648999999997,66929384.511718005,66929384511718.0,588.0
1524784473372,gyro,0.80966526,3.3505227999999994,1.744509,66929377.095946,66929377095946.0,587.0
1524784473372,gyro,-0.15980235,3.7899792000000003,2.3704016,66929402.24243,66929402242430.0,590.0
1524784473402,gyro,-0.5406645999999999,3.8405833,2.623422,66929411.855468005,66929411855468.0,591.0
1524784473434,gyro,-0.8815763000000001,3.8352565999999997,2.8577988,66929421.865233,66929421865233.0,592.0
1524784473435,gyro,-1.4355578000000002,3.7553553999999996,3.7287216,66929461.782225,66929461782225.0,595.0
1524784473435,gyro,-1.337013,3.7713356,3.5183150000000003,66929451.802977,66929451802977.0,594.0
1524784473435,gyro,-1.2491218000000002,3.773999,3.2892652,66929441.854247,66929441854247.0,593.0
1524784473462,gyro,-1.5101322,3.6062064,3.9204843,66929481.740720995,66929481740721.0,597.0
1524784473462,gyro,-1.5207857,3.6967611000000002,3.8618902999999998,66929471.730956,66929471730956.0,596.0
1524784473463,gyro,-1.3743002,3.5156517,3.960435,66929491.689452,66929491689452.0,598.0
1524784473492,gyro,-1.1559037,3.4437406000000004,4.040336,66929501.6687,66929501668700.0,599.0
1524784473524,gyro,-0.9428339,3.3798199,4.1388807,66929511.67846601,66929511678466.0,600.0
1524784473524,gyro,-0.6498629,3.2226807999999996,4.128227,66929532.949218005,66929532949218.0,601.0
1524784473524,bottom,,,,,,
1524784473525,gyro,-0.53800124,3.132126,4.0003858,66929542.226560995,66929542226561.0,602.0
1524784473525,gyro,-0.43146634,3.0309180000000002,3.8672167999999996,66929551.564940006,66929551564940.0,603.0
1524784473552,gyro,-0.25568378,2.7992046000000004,3.7207315000000003,66929571.523435995,66929571523436.0,605.0
1524784473552,gyro,-0.33292156,2.9190563999999997,3.7713356,66929561.544188,66929561544188.0,604.0
1524784473553,gyro,-0.20241632,2.6793527999999998,3.688771,66929581.502684,66929581502684.0,606.0
1524784473592,gyro,-0.122515135,2.4503028,3.539622,66929601.46118,66929601461180.0,608.0
1524784473592,gyro,-0.16246572,2.5621642999999996,3.6355035000000004,66929591.48193199,66929591481932.0,607.0
1524784473624,gyro,-0.07990117,2.3357778,3.3984635,66929611.440428,66929611440428.0,609.0
1524784473625,gyro,-0.23171341,1.7711427,2.7486005000000002,66929651.693114005,66929651693114.0,612.0
1524784473625,gyro,-0.12517852,1.9256183999999998,2.8844326000000002,66929641.683348,66929641683348.0,611.0
1524784473625,gyro,-0.063920945,2.074767,3.0495615000000003,66929632.222899,66929632222899.0,610.0
1524784473655,gyro,-0.34623843,1.6246573,2.631412,66929661.55029201,66929661550292.0,613.0
1524784473656,gyro,-0.32759482,1.3263595,2.3277876,66929681.32568199,66929681325682.0,615.0
1524784473656,gyro,-0.40216926,1.4808351,2.5009067000000003,66929671.468505,66929671468505.0,614.0
1524784473682,gyro,-0.10387153,1.1479136,2.096074,66929691.671141006,66929691671141.0,616.0
1524784473715,gyro,0.43945646,0.585942,1.0653489999999999,66929722.951658994,66929722951659.0,618.0
1524784473715,gyro,0.17844597,0.95881414,1.8057666,66929701.619872,66929701619872.0,617.0
1524784473716,gyro,0.25035703,0.122515135,0.21573317,66929741.56738199,66929741567382.0,620.0
1524784473716,gyro,0.36488205,0.37020877,0.6392094,66929732.38159101,66929732381591.0,619.0
1524784473742,gyro,0.17311922,-0.122515135,-0.17578259,66929751.18041899,66929751180419.0,621.0
1524784473743,gyro,0.2423669,-0.52468437,-0.9694676,66929771.413573,66929771413573.0,623.0
1524784473743,gyro,0.17311922,-0.34091170000000004,-0.55930823,66929761.586913,66929761586913.0,622.0
1524784473772,gyro,0.48207045,-0.8895664000000001,-1.8696876,66929791.402587,66929791402587.0,625.0
1524784473772,gyro,0.35689193,-0.6978036,-1.4142508999999999,66929781.14868,66929781148680.0,624.0
1524784473815,gyro,0.5912687,-1.1159531,-2.3064806,66929801.351317,66929801351317.0,626.0
1524784473815,gyro,0.65252626,-1.6672713,-3.1161458,66929822.622068994,66929822622069.0,627.0
1524784473816,gyro,0.55930823,-1.9495886999999998,-3.5023348,66929831.92993,66929831929930.0,628.0
1524784473816,gyro,0.38086227,-2.2185892999999997,-3.8672167999999996,66929841.39038,66929841390380.0,629.0
1524784473842,gyro,0.14382212,-2.4769366,-4.1868215,66929851.21704,66929851217040.0,630.0
1524784473843,gyro,-0.1464855,-2.7299569,-4.4504957,66929861.379393004,66929861379393.0,631.0
1524784473843,gyro,-0.49272390000000005,-2.9803138,-4.6582384,66929871.267089,66929871267089.0,632.0
1524784473872,gyro,-0.8895664000000001,-3.2200173999999997,-4.8420115,66929880.81909101,66929880819091.0,633.0
1524784473905,gyro,-1.3023891,-3.4224336,-5.0151305,66929891.16455,66929891164550.0,634.0
1524784473905,gyro,-2.0934107,-3.6408303,-5.292121400000001,66929912.465818994,66929912465819.0,635.0
1524784473905,gyro,-2.415679,-3.646157,-5.366696,66929921.010741,66929921010741.0,636.0
1524784473905,gyro,-2.644729,-3.5955529999999998,-5.411973000000001,66929930.959470995,66929930959471.0,637.0
1524784473933,gyro,-2.7645807000000002,-3.4757010000000004,-5.4386067,66929940.694579005,66929940694579.0,638.0
1524784473933,gyro,-2.780561,-3.2945919999999997,-5.44926,66929950.948484994,66929950948485.0,639.0
1524784473933,gyro,-2.7219667000000003,-3.0708685,-5.43328,66929960.89721601,66929960897216.0,640.0
1524784473962,gyro,-2.6047783,-2.8338284,-5.3933295999999995,66929970.632323,66929970632323.0,641.0
1524784473962,gyro,-2.4289958,-2.6047783,-5.324082,66929980.855712,66929980855712.0,642.0
1524784474009,gyro,-1.243795,-1.8110933,-4.636931400000001,66930024.526366,66930024526366.0,645.0
1524784474009,gyro,-1.566063,-1.9842125,-4.8926153,66930012.2583,66930012258300.0,644.0
1524784474009,gyro,-2.1866288,-2.3837185,-5.225537,66929990.895995,66929990895995.0,643.0
1524784474010,gyro,-0.94816065,-1.6592811,-4.3279805,66930031.392821,66930031392821.0,646.0
1524784474032,top,,,,,,
1524784474032,gyro,-0.3196047,-1.3290229,-3.2359977000000004,66930060.720214,66930060720214.0,649.0
1524784474032,gyro,-0.4953873,-1.4089241000000001,-3.6141965,66930050.771483,66930050771483.0,648.0
1524784474032,gyro,-0.6978036,-1.5234491000000001,-3.9844053,66930040.487059,66930040487059.0,647.0
1524784474062,gyro,-0.13050525,-1.2864089,-2.8737790000000003,66930070.394286,66930070394286.0,650.0
1524784474104,gyro,0.05060408,-1.2651019,-2.5488473999999997,66930080.373533994,66930080373534.0,651.0
1524784474105,gyro,0.33025820000000006,-1.1665572,-1.9069748,66930120.290526,66930120290526.0,654.0
1524784474105,gyro,0.29030759999999994,-1.1798741000000001,-2.0108464,66930110.341795996,66930110341796.0,653.0
1524784474105,gyro,0.26367387,-1.2065078000000002,-2.1227077999999997,66930101.888426,66930101888426.0,652.0
1524784474106,gyro,0.43679309999999993,-1.1665572,-1.7977764999999999,66930130.269774,66930130269774.0,655.0
1524784474132,gyro,0.6232291999999999,-1.1559037,-1.7258653999999998,66930140.249022,66930140249022.0,656.0
1524784474132,gyro,0.8522791999999999,-1.1239431999999998,-1.7338555,66930150.228269994,66930150228270.0,657.0
1524784474133,gyro,1.0387152,-1.0760025,-1.8004398000000001,66930160.207518004,66930160207518.0,658.0
1524784474174,gyro,1.0866559999999998,-1.0227351,-1.8696876,66930170.186766006,66930170186766.0,659.0
1524784474175,gyro,0.122515135,-0.9108734,-1.8004398000000001,66930199.849852,66930199849852.0,661.0
1524784474175,gyro,0.93750715,-0.9747943000000001,-1.8909945,66930180.166014,66930180166014.0,660.0
1524784474202,gyro,-0.87624955,-0.814992,-1.6486276000000002,66930220.08300699,66930220083007.0,663.0
1524784474202,gyro,-0.38885240000000004,-0.8735861999999999,-1.7338555,66930210.103759,66930210103759.0,662.0
1524784474203,gyro,-1.2997258,-0.721774,-1.5261124,66930230.15380699,66930230153807.0,664.0
1524784474232,gyro,-1.6646078999999998,-0.59659547,-1.3476665,66930240.041503005,66930240041503.0,665.0
1524784474233,gyro,-2.2532132000000002,-0.2823175,-0.86559606,66930259.999999,66930259999999.0,667.0
1524784474233,gyro,-1.9842125,-0.43945646,-1.1239431999999998,66930250.020751,66930250020751.0,666.0
1524784474275,gyro,-2.0934107,-0.09854478400000001,0.11985177,66930300.22216701,66930300222167.0,670.0
1524784474275,gyro,-2.3650748999999998,-0.08522792,-0.07723781,66930291.372068994,66930291372069.0,669.0
1524784474275,gyro,-2.436986,-0.15713897,-0.5912687,66930269.979247,66930269979247.0,668.0
1524784474302,gyro,-1.7072217,-0.087891296,0.30628785,66930309.896239005,66930309896239.0,671.0
1524784474303,gyro,-0.7936850000000001,0.13316862,0.7936850000000001,66930330.251464,66930330251464.0,673.0
1524784474303,gyro,-1.2597752,-0.013316861999999999,0.5193576,66930320.27221601,66930320272216.0,672.0
1524784474333,gyro,0.79901177,0.61790246,1.6326473999999997,66930360.18920799,66930360189208.0,676.0
1524784474333,gyro,-0.32226807,0.32759482,1.1052996000000002,66930339.80346601,66930339803466.0,674.0
1524784474333,gyro,0.19442620000000002,0.5087042,1.3982706,66930350.118406996,66930350118407.0,675.0
1524784474375,gyro,1.443548,0.65518963,1.8350636999999999,66930369.74121,66930369741210.0,677.0
1524784474375,gyro,2.7326202,0.6498629,2.3650748999999998,66930400.624999,66930400624999.0,679.0
1524784474375,gyro,2.4396492999999997,0.657853,2.2132626,66930391.469725,66930391469725.0,678.0
1524784474402,gyro,3.2333342999999997,0.71644723,2.5435207,66930420.034178,66930420034178.0,681.0
1524784474402,gyro,2.9776504,0.6605164000000001,2.4742732000000003,66930409.658202,66930409658202.0,680.0
1524784474403,gyro,3.5156517,0.82031876,2.5648277000000004,66930429.921874,66930429921874.0,682.0
1524784474432,gyro,3.7846525,0.95881414,2.538194,66930439.595946,66930439595946.0,683.0
1524784474433,gyro,3.9870687000000005,1.1212798000000002,2.48759,66930449.88037,66930449880370.0,684.0
1524784474469,gyro,3.803296,1.9282818,2.415679,66930490.560301,66930490560301.0,687.0
1524784474469,gyro,3.9764152000000004,1.7045583999999998,2.3863819,66930483.937987,66930483937987.0,686.0
1524784474469,gyro,4.085613700000001,1.2970624,2.4316592,66930459.157714,66930459157714.0,685.0
1524784474492,gyro,2.9776504,2.5435207,2.6713626,66930519.704589,66930519704589.0,690.0
1524784474492,gyro,3.3052454,2.3597481,2.5701544,66930509.755858,66930509755858.0,689.0
1524784474492,gyro,3.5795727,2.1493416,2.4796,66930499.471434,66930499471434.0,688.0
1524784474523,gyro,1.9176282999999998,2.9350367000000004,2.9377,66930549.337156996,66930549337157.0,693.0
1524784474523,gyro,2.6180952,2.695333,2.7645807000000002,66930529.378661,66930529378661.0,691.0
1524784474523,gyro,2.2558765,2.8205116,2.8498087000000005,66930539.357908994,66930539357909.0,692.0
1524784474564,bottom,,,,,,
1524784474564,gyro,1.6006869,3.0442348,3.0495615000000003,66930559.316405006,66930559316405.0,694.0
1524784474565,gyro,0.97213095,3.2413244,3.2919285000000005,66930579.30541899,66930579305419.0,695.0
1524784474565,gyro,0.6605164000000001,3.302582,3.3771565000000003,66930589.254149,66930589254149.0,696.0
1524784474592,gyro,0.41015938,3.323889,3.4357504999999997,66930599.233397,66930599233397.0,697.0
1524784474592,gyro,0.25035703,3.315899,3.4836912000000004,66930609.212644994,66930609212645.0,698.0
1524784474593,gyro,0.17578259,3.3052454,3.5476122,66930619.191893004,66930619191893.0,699.0
1524784474623,gyro,0.055930823,3.2839384,3.667464,66930639.150389,66930639150389.0,701.0
1524784474623,gyro,0.12517852,3.2945919999999997,3.6195233,66930629.171141006,66930629171141.0,700.0
1524784474657,gyro,-0.034623843,3.2626314,3.6781175000000004,66930649.404295996,66930649404296.0,702.0
1524784474658,gyro,-0.26633725,3.2359977000000004,3.6301767999999996,66930669.332274,66930669332274.0,703.0
1524784474658,gyro,-0.38086227,3.2200173999999997,3.6115332,66930679.097899,66930679097899.0,704.0
1524784474682,gyro,-0.48207045,3.1933837000000005,3.6088697999999995,66930689.04663,66930689046630.0,705.0
1524784474683,gyro,-0.564635,3.153433,3.6275133999999998,66930699.025878005,66930699025878.0,706.0
1524784474683,gyro,-0.6365460000000001,3.0921755,3.6541471,66930709.005126,66930709005126.0,707.0
1524784474713,gyro,-0.7084571,2.9989574,3.6727907999999996,66930718.984374,66930718984374.0,708.0
1524784474713,gyro,-0.81232864,2.7272935,3.6355035000000004,66930739.339598,66930739339598.0,710.0
1524784474713,gyro,-0.7777048000000001,2.8711157000000003,3.6701273999999997,66930728.963622,66930728963622.0,709.0
1524784474755,gyro,-0.7936850000000001,2.5754812,3.5715826,66930748.92211801,66930748922118.0,711.0
1524784474755,gyro,-0.49272390000000005,2.1679852000000004,3.1294627,66930779.134519994,66930779134520.0,713.0
1524784474755,gyro,-0.59659547,2.2931638,3.3212256,66930770.43701,66930770437010.0,712.0
1524784474782,gyro,-0.44211984,2.0481333999999998,2.9057395,66930788.808593005,66930788808593.0,714.0
1524784474783,gyro,-0.46076345,1.787123,2.381055,66930809.072264,66930809072264.0,716.0
1524784474783,gyro,-0.44744658,1.9282818,2.6580458,66930799.215087,66930799215087.0,715.0
1524784474812,gyro,-0.35955529999999997,1.3316863,1.7311921000000001,66930829.03076,66930829030760.0,718.0
1524784474812,gyro,-0.42880297,1.5953602,2.0721037,66930818.746337,66930818746337.0,717.0
1524784474844,gyro,-0.33025820000000006,1.0040915000000001,1.3503299,66930839.620359994,66930839620360.0,719.0
1524784474845,gyro,-0.67916,0.06658431,-0.111861646,66930869.039305,66930869039305.0,721.0
1524784474845,gyro,-0.5433279999999999,0.32759482,0.41015938,66930861.501464,66930861501464.0,720.0
1524784474872,gyro,-0.5832786,-0.3489018,-1.1132897,66930888.906249,66930888906249.0,723.0
1524784474872,gyro,-0.70579374,-0.14115874,-0.62056583,66930878.621825,66930878621825.0,722.0
1524784474872,gyro,-0.35422856,-0.57795185,-1.6113403999999998,66930898.549803,66930898549803.0,724.0
1524784474873,end,,,,,,
