1360325464297,begin 1000,,,,,,
1360325464298,top,,,,,,
1360325464298,gyro,-0.01065349,0.0,-0.0026633726,6456295.614012,6456295614012.0,0.0
1360325464299,gyro,-0.034623843,-0.01065349,0.0,6456315.877684,6456315877684.0,2.0
1360325464299,gyro,-0.02130698,-0.0026633726,0.0,6456305.928954,6456305928954.0,1.0
1360325464328,gyro,-0.047940705,-0.013316861999999999,0.0,6456325.612792,6456325612792.0,3.0
1360325464329,gyro,-0.058594197,-0.018643608,0.0026633726,6456335.5920400005,6456335592040.0,4.0
1360325464359,gyro,-0.058594197,-0.018643608,0.0026633726,6456360.402830999,6456360402831.0,6.0
1360325464359,gyro,-0.061257567,-0.018643608,0.0026633726,6456345.571288,6456345571288.0,5.0
1360325464359,gyro,-0.05326745,-0.018643608,0.0026633726,6456365.529784,6456365529784.0,7.0
1360325464359,gyro,-0.05060408,-0.018643608,0.0026633726,6456376.424559,6456376424559.0,8.0
1360325464389,gyro,-0.05326745,-0.018643608,0.0026633726,6456385.48828,6456385488280.0,9.0
1360325464389,gyro,-0.061257567,-0.018643608,0.005326745,6456395.498046,6456395498046.0,10.0
1360325464389,gyro,-0.069247685,-0.018643608,0.007990118000000001,6456405.477294,6456405477294.0,11.0
1360325464430,gyro,-0.07457443,-0.018643608,0.01065349,6456415.456542,6456415456542.0,12.0
1360325464430,gyro,-0.07457443,-0.015980236000000002,0.013316861999999999,6456425.466307,6456425466307.0,13.0
1360325464430,gyro,-0.069247685,-0.013316861999999999,0.013316861999999999,6456442.067869999,6456442067870.0,14.0
1360325464430,gyro,-0.061257567,-0.01065349,0.013316861999999999,6456446.584471,6456446584471.0,15.0
1360325464460,gyro,-0.039950587,-0.005326745,0.007990118000000001,6456475.728759,6456475728759.0,18.0
1360325464460,gyro,-0.047940705,-0.007990118000000001,0.01065349,6456465.718993,6456465718993.0,17.0
1360325464460,gyro,-0.055930823,-0.01065349,0.013316861999999999,6456455.556639,6456455556639.0,16.0
1360325464488,gyro,-0.034623843,-0.0026633726,0.007990118000000001,6456485.402830999,6456485402831.0,19.0
1360325464489,gyro,-0.026633725,0.0,0.005326745,6456495.443114,6456495443114.0,20.0
1360325464489,gyro,-0.02130698,0.0026633726,0.0026633726,6456505.391844001,6456505391844.0,21.0
1360325464519,gyro,-0.015980236000000002,0.007990118000000001,0.0,6456515.340575,6456515340575.0,22.0
1360325464520,gyro,-0.013316861999999999,0.01065349,0.0,6456525.350341001,6456525350341.0,23.0
1360325464520,gyro,-0.013316861999999999,0.01065349,0.0,6456539.9682599995,6456539968260.0,24.0
1360325464548,gyro,-0.013316861999999999,0.01065349,0.0,6456545.308837,6456545308837.0,25.0
1360325464549,gyro,-0.013316861999999999,0.007990118000000001,0.0,6456555.623778,6456555623778.0,26.0
1360325464549,gyro,-0.013316861999999999,0.0026633726,0.0,6456565.603026,6456565603026.0,27.0
1360325464579,gyro,-0.018643608,0.0026633726,-0.0026633726,6456575.307616,6456575307616.0,28.0
1360325464580,gyro,-0.018643608,0.0,-0.0026633726,6456585.5920400005,6456585592040.0,29.0
1360325464580,gyro,-0.02130698,0.0,-0.0026633726,6456595.571288,6456595571288.0,30.0
1360325464609,gyro,-0.023970352,0.0,-0.0026633726,6456605.306395,6456605306395.0,31.0
1360325464610,gyro,-0.029297099,0.0,-0.0026633726,6456615.285643,6456615285643.0,32.0
1360325464640,gyro,-0.029297099,0.0,0.0,6456631.887205999,6456631887206.0,33.0
1360325464640,gyro,-0.034623843,-0.0026633726,0.0,6456636.464843,6456636464843.0,34.0
1360325464640,gyro,-0.037287217000000004,-0.0026633726,0.0,6456645.772704,6456645772704.0,35.0
1360325464640,gyro,-0.045277335,-0.005326745,0.0,6456655.477294,6456655477294.0,36.0
1360325464669,gyro,-0.05326745,-0.007990118000000001,0.0,6456665.181884,6456665181884.0,37.0
1360325464670,gyro,-0.061257567,-0.01065349,0.0026633726,6456675.222167,6456675222167.0,38.0
1360325464673,gyro,-0.06658431,-0.01065349,0.0026633726,6456685.1708970005,6456685170897.0,39.0
1360325464698,gyro,-0.06658431,-0.007990118000000001,0.0026633726,6456695.150145,6456695150145.0,40.0
1360325464699,gyro,-0.061257567,-0.007990118000000001,0.0026633726,6456705.159911,6456705159911.0,41.0
1360325464730,gyro,-0.05326745,-0.005326745,0.0,6456715.139159,6456715139159.0,42.0
1360325464730,gyro,-0.045277335,-0.005326745,0.0,6456730.672606,6456730672606.0,43.0
1360325464730,gyro,-0.034623843,-0.0026633726,0.0,6456736.684569,6456736684569.0,44.0
1360325464731,gyro,-0.026633725,-0.0026633726,0.0,6456745.076903,6456745076903.0,45.0
1360325464758,gyro,-0.018643608,-0.0026633726,0.0,6456755.056151,6456755056151.0,46.0
1360325464759,gyro,-0.01065349,-0.0026633726,0.0,6456765.371093,6456765371093.0,47.0
1360325464759,gyro,-0.0026633726,-0.0026633726,0.0,6456775.350341001,6456775350341.0,48.0
1360325464789,gyro,0.01065349,0.0,0.0,6456795.339354,6456795339354.0,50.0
1360325464789,gyro,0.0026633726,-0.0026633726,0.0,6456785.054930001,6456785054930.0,49.0
1360325464820,gyro,0.055930823,0.0026633726,-0.005326745,6456822.438964,6456822438964.0,52.0
1360325464820,gyro,0.026633725,0.0,0.0,6456805.349119999,6456805349120.0,51.0
1360325464820,bottom,,,,,,
1360325464821,gyro,0.15181224,0.029297099,-0.018643608,6456835.71411,6456835714110.0,54.0
1360325464821,gyro,0.10120816,0.013316861999999999,-0.01065349,6456827.0166,6456827016600.0,53.0
1360325464849,gyro,0.22905004,0.069247685,-0.034623843,6456855.1232900005,6456855123290.0,56.0
1360325464849,gyro,0.19708957,0.05060408,-0.026633725,6456845.083007,6456845083007.0,55.0
1360325464849,gyro,0.25035703,0.08256455,-0.037287217000000004,6456865.255126,6456865255126.0,57.0
1360325464879,gyro,0.26367387,0.087891296,-0.037287217000000004,6456874.990233,6456874990233.0,58.0
1360325464880,gyro,0.26633725,0.07191106,-0.034623843,6456895.223387,6456895223387.0,60.0
1360325464880,gyro,0.26900062,0.08256455,-0.034623843,6456885.244139,6456885244139.0,59.0
1360325464920,gyro,0.25568378,0.058594197,-0.037287217000000004,6456904.927976999,6456904927977.0,61.0
1360325464920,gyro,0.2423669,0.039950587,-0.039950587,6456920.736083,6456920736083.0,62.0
1360325464921,gyro,0.23171341,0.018643608,-0.039950587,6456925.039061,6456925039061.0,63.0
1360325464921,gyro,0.23171341,0.0,-0.039950587,6456935.1708970005,6456935170897.0,64.0
1360325464959,gyro,0.25035703,-0.01065349,-0.039950587,6456944.844969001,6456944844969.0,65.0
1360325464960,gyro,0.39151576,0.0,-0.05060408,6456974.813231,6456974813231.0,68.0
1360325464960,gyro,0.33292156,-0.007990118000000001,-0.04261396,6456965.139159,6456965139159.0,67.0
1360325464960,gyro,0.28498086,-0.013316861999999999,-0.039950587,6456955.159911,6456955159911.0,66.0
1360325464989,gyro,0.46342683,0.007990118000000001,-0.058594197,6456984.822997,6456984822997.0,69.0
1360325464990,gyro,0.5406645999999999,0.018643608,-0.063920945,6456995.137937999,6456995137938.0,70.0
1360325464990,gyro,0.6125757,0.023970352,-0.06658431,6457011.464843,6457011464843.0,71.0
1360325465020,gyro,0.66317976,0.029297099,-0.069247685,6457015.340575,6457015340575.0,72.0
1360325465021,gyro,0.68448675,0.031960472000000004,-0.07457443,6457025.624999,6457025624999.0,73.0
1360325465021,gyro,0.68448675,0.031960472000000004,-0.08522792,6457035.054930001,6457035054930.0,74.0
1360325465049,gyro,0.67383325,0.031960472000000004,-0.09321803599999999,6457044.729003,6457044729003.0,75.0
1360325465050,gyro,0.63388264,0.031960472000000004,-0.10653489999999999,6457065.023192,6457065023192.0,77.0
1360325465050,gyro,0.65518963,0.031960472000000004,-0.10120816,6457055.013426,6457055013426.0,76.0
1360325465079,gyro,0.6045856,0.029297099,-0.10919827,6457074.697264,6457074697264.0,78.0
1360325465079,gyro,0.5726251,0.026633725,-0.10387153,6457085.012205999,6457085012206.0,79.0
1360325465110,gyro,0.522021,0.023970352,-0.09854478400000001,6457110.036619999,6457110036620.0,81.0
1360325465110,gyro,0.5433279999999999,0.023970352,-0.10120816,6457094.991454,6457094991454.0,80.0
1360325465111,gyro,0.50337744,0.029297099,-0.087891296,6457124.6240220005,6457124624022.0,83.0
1360325465111,gyro,0.5087042,0.026633725,-0.09321803599999999,6457114.644774,6457114644774.0,82.0
1360325465138,gyro,0.50337744,0.034623843,-0.08256455,6457134.633788,6457134633788.0,84.0
1360325465139,gyro,0.50337744,0.039950587,-0.07990117,6457144.643553,6457144643553.0,85.0
1360325465139,gyro,0.50337744,0.045277335,-0.07457443,6457154.927976999,6457154927977.0,86.0
1360325465169,gyro,0.5060408,0.05060408,-0.069247685,6457164.60205,6457164602050.0,87.0
1360325465169,gyro,0.5140309000000001,0.05060408,-0.06658431,6457174.886473,6457174886473.0,88.0
1360325465200,gyro,0.52468437,0.05060408,-0.063920945,6457184.865721,6457184865721.0,89.0
1360325465200,gyro,0.5326744999999999,0.05326745,-0.061257567,6457201.986083,6457201986083.0,90.0
1360325465200,gyro,0.52734774,0.055930823,-0.061257567,6457206.533202,6457206533202.0,91.0
1360325465201,gyro,0.5060408,0.058594197,-0.061257567,6457215.3833,6457215383300.0,92.0
1360325465229,gyro,0.47141695,0.058594197,-0.058594197,6457224.508055001,6457224508055.0,93.0
1360325465229,gyro,0.42880297,0.055930823,-0.058594197,6457234.822997,6457234822997.0,94.0
1360325465229,gyro,0.39151576,0.055930823,-0.05326745,6457244.802244999,6457244802245.0,95.0
1360325465259,gyro,0.32759482,0.05326745,-0.034623843,6457264.791259,6457264791259.0,97.0
1360325465259,gyro,0.35955529999999997,0.055930823,-0.045277335,6457254.476317,6457254476317.0,96.0
1360325465260,gyro,0.28764424,0.05326745,-0.018643608,6457274.801024,6457274801024.0,98.0
1360325465301,gyro,0.24769364,0.05060408,-0.005326745,6457284.475096,6457284475096.0,99.0
1360325465302,gyro,0.21839654,0.05060408,0.0,6457302.144774,6457302144774.0,100.0
1360325465302,gyro,0.21040644,0.05060408,0.005326745,6457307.973632,6457307973632.0,101.0
1360325465302,gyro,0.22372329,0.05326745,0.01065349,6457314.718016,6457314718016.0,102.0
1360325465328,gyro,0.25568378,0.058594197,0.018643608,6457324.422606,6457324422606.0,103.0
1360325465328,top,,,,,,
1360325465329,gyro,0.29030759999999994,0.061257567,0.023970352,6457334.737548,6457334737548.0,104.0
1360325465329,gyro,0.3196047,0.06658431,0.026633725,6457344.716796,6457344716796.0,105.0
1360325465359,gyro,0.31161459999999996,0.063920945,0.029297099,6457364.675292,6457364675292.0,107.0
1360325465359,gyro,0.32759482,0.06658431,0.026633725,6457354.36035,6457354360350.0,106.0
1360325465391,gyro,0.20507969,0.034623843,0.026633725,6457395.345458,6457395345458.0,109.0
1360325465391,gyro,0.18643607,0.026633725,0.02130698,6457405.507811,6457405507811.0,110.0
1360325465391,gyro,0.27699074,0.055930823,0.029297099,6457374.6545400005,6457374654540.0,108.0
1360325465419,gyro,0.18110934,0.023970352,0.013316861999999999,6457414.327391,6457414327391.0,111.0
1360325465419,gyro,0.18377271,0.023970352,0.01065349,6457424.611815,6457424611815.0,112.0
1360325465419,gyro,0.18909945,0.023970352,0.007990118000000001,6457434.713134,6457434713134.0,113.0
1360325465449,gyro,0.20241632,0.02130698,0.005326745,6457454.671630001,6457454671630.0,115.0
1360325465449,gyro,0.19442620000000002,0.018643608,0.007990118000000001,6457464.559325,6457464559325.0,116.0
1360325465449,gyro,0.19708957,0.02130698,0.005326745,6457444.295653,6457444295653.0,114.0
1360325465492,gyro,0.069247685,0.005326745,0.007990118000000001,6457504.8120099995,6457504812010.0,119.0
1360325465492,gyro,0.09588141,0.005326745,0.007990118000000001,6457495.443114,6457495443114.0,118.0
1360325465492,gyro,0.17045584,0.015980236000000002,0.007990118000000001,6457474.2639150005,6457474263915.0,117.0
1360325465519,gyro,0.055930823,0.005326745,0.007990118000000001,6457514.211425,6457514211425.0,120.0
1360325465519,gyro,0.047940705,0.0026633726,0.007990118000000001,6457524.587401,6457524587401.0,121.0
1360325465519,gyro,0.037287217000000004,0.0026633726,0.013316861999999999,6457534.475096,6457534475096.0,122.0
1360325465549,gyro,0.005326745,-0.007990118000000001,0.018643608,6457554.555663,6457554555663.0,124.0
1360325465549,gyro,0.023970352,0.0,0.015980236000000002,6457544.149169,6457544149169.0,123.0
1360325465581,gyro,-0.007990118000000001,-0.023970352,0.013316861999999999,6457586.507567,6457586507567.0,126.0
1360325465581,gyro,-0.0026633726,-0.013316861999999999,0.018643608,6457564.534911,6457564534911.0,125.0
1360325465581,gyro,-0.015980236000000002,-0.026633725,0.007990118000000001,6457594.411619999,6457594411620.0,127.0
1360325465609,gyro,-0.034623843,-0.029297099,0.0026633726,6457604.085692,6457604085692.0,128.0
1360325465609,gyro,-0.07990117,-0.039950587,0.0,6457624.471434,6457624471434.0,130.0
1360325465609,gyro,-0.055930823,-0.034623843,0.0,6457614.492186,6457614492186.0,129.0
1360325465639,gyro,-0.13316862,-0.04261396,0.01065349,6457654.439696,6457654439696.0,133.0
1360325465639,gyro,-0.09854478400000001,-0.039950587,0.0,6457634.053954,6457634053954.0,131.0
1360325465639,gyro,-0.117188394,-0.04261396,0.0026633726,6457644.460448001,6457644460448.0,132.0
1360325465681,gyro,-0.15181224,-0.039950587,0.02130698,6457664.022216001,6457664022216.0,134.0
1360325465681,gyro,-0.18909945,-0.039950587,0.034623843,6457685.38452,6457685384520.0,135.0
1360325465682,gyro,-0.20507969,-0.037287217000000004,0.039950587,6457694.844969001,6457694844969.0,136.0
1360325465709,gyro,-0.21040644,-0.029297099,0.045277335,6457704.0307599995,6457704030760.0,137.0
1360325465709,gyro,-0.21306979999999998,-0.007990118000000001,0.055930823,6457724.355468,6457724355468.0,139.0
1360325465709,gyro,-0.21306979999999998,-0.02130698,0.05326745,6457714.376219001,6457714376219.0,138.0
1360325465739,gyro,-0.21839654,0.0026633726,0.058594197,6457733.937987001,6457733937987.0,140.0
1360325465739,gyro,-0.22905004,0.01065349,0.055930823,6457744.252928,6457744252928.0,141.0
1360325465771,gyro,-0.24769364,0.018643608,0.05060408,6457754.323729,6457754323729.0,142.0
1360325465771,gyro,-0.29563436,0.02130698,0.047940705,6457776.021726999,6457776021727.0,143.0
1360325465772,gyro,-0.32226807,0.02130698,0.047940705,6457784.291991,6457784291991.0,144.0
1360325465799,gyro,-0.37553552,0.02130698,0.045277335,6457804.281005001,6457804281005.0,146.0
1360325465799,gyro,-0.3489018,0.02130698,0.045277335,6457793.8745099995,6457793874510.0,145.0
1360325465799,gyro,-0.39417914,0.02130698,0.04261396,6457814.260253,6457814260253.0,147.0
1360325465829,gyro,-0.40483263,-0.0026633726,0.037287217000000004,6457844.167479,6457844167479.0,150.0
1360325465829,gyro,-0.40483263,0.015980236000000002,0.039950587,6457823.8427720005,6457823842772.0,148.0
1360325465829,gyro,-0.407496,0.005326745,0.037287217000000004,6457834.218749,6457834218749.0,149.0
1360325465829,bottom,,,,,,
1360325465871,gyro,-0.41282275,-0.039950587,0.04261396,6457874.837645,6457874837645.0,152.0
1360325465871,gyro,-0.40216926,-0.018643608,0.039950587,6457853.811034,6457853811034.0,151.0
1360325465872,gyro,-0.42081288,-0.04261396,0.045277335,6457884.237059,6457884237059.0,153.0
1360325465899,gyro,-0.4181495,-0.045277335,0.045277335,6457893.758544,6457893758544.0,154.0
1360325465899,gyro,-0.39684250000000004,-0.045277335,0.045277335,6457904.13452,6457904134520.0,155.0
1360325465899,gyro,-0.36488205,-0.045277335,0.039950587,6457914.144286,6457914144286.0,156.0
1360325465929,gyro,-0.3196047,-0.05060408,0.023970352,6457934.102782,6457934102782.0,158.0
1360325465929,gyro,-0.33558494,-0.045277335,0.031960472000000004,6457923.726805001,6457923726805.0,157.0
1360325465961,gyro,-0.33025820000000006,-0.063920945,0.01065349,6457965.474851999,6457965474852.0,160.0
1360325465961,gyro,-0.3196047,-0.055930823,0.018643608,6457943.990476999,6457943990477.0,159.0
1360325465961,gyro,-0.32226807,-0.058594197,0.01065349,6457973.958739,6457973958739.0,161.0
1360325465989,gyro,-0.30362448,-0.047940705,0.01065349,6457983.632811,6457983632811.0,162.0
1360325465989,gyro,-0.27432737,-0.034623843,0.013316861999999999,6457993.947753,6457993947753.0,163.0
1360325465989,gyro,-0.23704016,-0.023970352,0.01065349,6458004.018553,6458004018553.0,164.0
1360325466019,gyro,-0.15713897,-0.01065349,0.007990118000000001,6458023.916014,6458023916014.0,166.0
1360325466019,gyro,-0.19442620000000002,-0.015980236000000002,0.007990118000000001,6458013.601073001,6458013601073.0,165.0
1360325466020,gyro,-0.12784189,-0.007990118000000001,0.007990118000000001,6458033.986815,6458033986815.0,167.0
1360325466061,gyro,-0.10919827,-0.0026633726,0.007990118000000001,6458043.569335,6458043569335.0,168.0
1360325466061,gyro,-0.09055467,-0.0026633726,0.005326745,6458064.992675,6458064992675.0,169.0
1360325466061,gyro,-0.08522792,-0.007990118000000001,0.0026633726,6458074.422606,6458074422606.0,170.0
1360325466089,gyro,-0.08256455,-0.013316861999999999,0.0,6458083.516844001,6458083516844.0,171.0
1360325466089,gyro,-0.069247685,-0.026633725,-0.005326745,6458103.902587,6458103902587.0,173.0
1360325466089,gyro,-0.07723781,-0.023970352,-0.0026633726,6458093.831786,6458093831786.0,172.0
1360325466119,gyro,-0.055930823,-0.018643608,-0.0026633726,6458123.76953,6458123769530.0,175.0
1360325466119,gyro,-0.061257567,-0.026633725,-0.007990118000000001,6458113.485106,6458113485106.0,174.0
1360325466151,gyro,-0.039950587,0.0,0.0,6458155.172118,6458155172118.0,177.0
1360325466151,gyro,-0.029297099,0.0026633726,0.0,6458163.83911,6458163839110.0,178.0
1360325466151,gyro,-0.05326745,-0.013316861999999999,0.0,6458133.870848,6458133870848.0,176.0
1360325466179,gyro,-0.02130698,0.0026633726,0.0,6458173.421630001,6458173421630.0,179.0
1360325466179,gyro,-0.02130698,0.0,-0.0026633726,6458183.828124,6458183828124.0,180.0
1360325466180,gyro,-0.026633725,-0.0026633726,-0.0026633726,6458193.807372,6458193807372.0,181.0
1360325466209,gyro,-0.037287217000000004,-0.007990118000000001,-0.0026633726,6458203.389891,6458203389891.0,182.0
1360325466209,gyro,-0.05060408,-0.015980236000000002,-0.0026633726,6458213.61328,6458213613280.0,183.0
1360325466209,gyro,-0.061257567,-0.02130698,0.0,6458223.43994,6458223439940.0,184.0
1360325466251,gyro,-0.07191106,-0.026633725,0.0,6458233.358153,6458233358153.0,185.0
1360325466251,gyro,-0.07457443,-0.023970352,0.0,6458254.68994,6458254689940.0,186.0
1360325466251,gyro,-0.069247685,-0.02130698,0.0,6458264.150389,6458264150389.0,187.0
1360325466279,gyro,-0.029297099,-0.013316861999999999,-0.005326745,6458293.691405,6458293691405.0,190.0
1360325466279,gyro,-0.058594197,-0.018643608,-0.0026633726,6458273.305663,6458273305663.0,188.0
1360325466279,gyro,-0.045277335,-0.013316861999999999,-0.0026633726,6458283.712157,6458283712157.0,189.0
1360325466309,gyro,-0.018643608,-0.01065349,-0.007990118000000001,6458303.273925,6458303273925.0,191.0
1360325466309,gyro,-0.013316861999999999,-0.01065349,-0.01065349,6458313.649901,6458313649901.0,192.0
1360325466341,top,,,,,,
1360325466341,gyro,-0.013316861999999999,-0.01065349,-0.013316861999999999,6458323.903807,6458323903807.0,193.0
1360325466341,gyro,-0.005326745,-0.007990118000000001,-0.015980236000000002,6458344.991454,6458344991454.0,194.0
1360325466341,gyro,0.0026633726,-0.005326745,-0.013316861999999999,6458353.627928,6458353627928.0,195.0
1360325466369,gyro,0.015980236000000002,-0.0026633726,-0.013316861999999999,6458363.210448001,6458363210448.0,196.0
1360325466369,gyro,0.029297099,0.0,-0.01065349,6458373.616942,6458373616942.0,197.0
1360325466369,gyro,0.04261396,0.0026633726,-0.01065349,6458383.565673,6458383565673.0,198.0
1360325466399,gyro,0.13050525,0.029297099,-0.015980236000000002,6458413.533934,6458413533934.0,201.0
1360325466399,gyro,0.09055467,0.015980236000000002,-0.013316861999999999,6458403.463134,6458403463134.0,200.0
1360325466399,gyro,0.061257567,0.007990118000000001,-0.01065349,6458393.17871,6458393178710.0,199.0
1360325466441,gyro,0.26367387,0.069247685,-0.037287217000000004,6458444.112548,6458444112548.0,203.0
1360325466441,gyro,0.17844597,0.047940705,-0.02130698,6458423.177489,6458423177489.0,202.0
1360325466441,gyro,0.29829773,0.069247685,-0.045277335,6458453.389891,6458453389891.0,204.0
1360325466469,gyro,0.32759482,0.063920945,-0.05060408,6458463.094481,6458463094481.0,205.0
1360325466469,gyro,0.35156518,0.05326745,-0.061257567,6458483.449705999,6458483449706.0,207.0
1360325466469,gyro,0.34623843,0.058594197,-0.055930823,6458473.378905,6458473378905.0,206.0
1360325466499,gyro,0.34091170000000004,0.045277335,-0.063920945,6458493.032225,6458493032225.0,208.0
1360325466499,gyro,0.32759482,0.031960472000000004,-0.063920945,6458503.347167,6458503347167.0,209.0
1360325466531,gyro,0.3196047,0.018643608,-0.061257567,6458513.479003,6458513479003.0,210.0
1360325466531,gyro,0.33824829999999995,0.0026633726,-0.05060408,6458534.841307,6458534841307.0,211.0
1360325466531,gyro,0.36221868,0.0,-0.047940705,6458543.386229,6458543386229.0,212.0
1360325466559,gyro,0.407496,0.0,-0.047940705,6458573.262937999,6458573262938.0,215.0
1360325466559,gyro,0.38086227,0.0,-0.045277335,6458552.968749,6458552968749.0,213.0
1360325466559,gyro,0.39684250000000004,0.0,-0.045277335,6458563.375243,6458563375243.0,214.0
1360325466589,gyro,0.407496,0.0,-0.05060408,6458582.9370099995,6458582937010.0,216.0
1360325466589,gyro,0.40483263,0.0,-0.05060408,6458593.343505001,6458593343505.0,217.0
1360325466589,gyro,0.39151576,0.0,-0.055930823,6458603.200682,6458603200682.0,218.0
1360325466631,gyro,0.33824829999999995,-0.0026633726,-0.05326745,6458634.023436,6458634023436.0,220.0
1360325466631,gyro,0.33025820000000006,0.0,-0.05060408,6458643.270262,6458643270262.0,221.0
1360325466631,gyro,0.37553552,0.0,-0.055930823,6458612.9052720005,6458612905272.0,219.0
1360325466659,gyro,0.3489018,0.018643608,-0.04261396,6458673.146971,6458673146971.0,224.0
1360325466659,gyro,0.33292156,0.0026633726,-0.045277335,6458652.852782,6458652852782.0,222.0
1360325466659,gyro,0.34091170000000004,0.01065349,-0.04261396,6458663.259276,6458663259276.0,223.0
1360325466689,gyro,0.35156518,0.031960472000000004,-0.039950587,6458693.227538,6458693227538.0,226.0
1360325466689,gyro,0.35689193,0.026633725,-0.04261396,6458682.821044,6458682821044.0,225.0
1360325466721,gyro,0.33558494,0.034623843,-0.037287217000000004,6458703.298339,6458703298339.0,227.0
1360325466721,gyro,0.27432737,0.031960472000000004,-0.031960472000000004,6458724.660643,6458724660643.0,228.0
1360325466721,gyro,0.2423669,0.034623843,-0.026633725,6458733.205565,6458733205565.0,229.0
1360325466749,gyro,0.21306979999999998,0.034623843,-0.02130698,6458742.757567,6458742757567.0,230.0
1360325466749,gyro,0.19442620000000002,0.034623843,-0.013316861999999999,6458753.041991,6458753041991.0,231.0
1360325466750,gyro,0.18377271,0.037287217000000004,-0.007990118000000001,6458763.143309,6458763143309.0,232.0
1360325466779,gyro,0.17578259,0.037287217000000004,-0.0026633726,6458772.725829,6458772725829.0,233.0
1360325466779,gyro,0.16779247,0.037287217000000004,-0.005326745,6458783.132323001,6458783132323.0,234.0
1360325466779,gyro,0.15181224,0.034623843,-0.005326745,6458793.081053,6458793081053.0,235.0
1360325466821,gyro,0.07457443,0.015980236000000002,0.0026633726,6458833.059080999,6458833059081.0,238.0
1360325466821,gyro,0.09055467,0.02130698,0.0,6458824.086913,6458824086913.0,237.0
1360325466821,gyro,0.13316862,0.031960472000000004,-0.005326745,6458802.663573001,6458802663573.0,236.0
1360325466849,gyro,0.06658431,0.013316861999999999,0.007990118000000001,6458842.6416,6458842641600.0,239.0
1360325466849,bottom,,,,,,
1360325466849,gyro,0.061257567,0.01065349,0.01065349,6458852.926024,6458852926024.0,240.0
1360325466850,gyro,0.061257567,0.01065349,0.007990118000000001,6458863.027343,6458863027343.0,241.0
1360325466879,gyro,0.061257567,0.007990118000000001,0.007990118000000001,6458872.609862001,6458872609862.0,242.0
1360325466879,gyro,0.06658431,0.007990118000000001,0.0026633726,6458882.985839,6458882985839.0,243.0
1360325466911,gyro,0.06658431,0.007990118000000001,0.0026633726,6458893.453368,6458893453368.0,244.0
1360325466911,gyro,0.06658431,0.007990118000000001,0.0,6458914.84619,6458914846190.0,245.0
1360325466911,gyro,0.069247685,0.007990118000000001,0.0,6458922.994384,6458922994384.0,246.0
1360325466939,gyro,0.07723781,0.01065349,-0.0026633726,6458932.515868,6458932515868.0,247.0
1360325466939,gyro,0.10653489999999999,0.018643608,-0.005326745,6458952.810057,6458952810057.0,249.0
1360325466939,gyro,0.087891296,0.013316861999999999,-0.005326745,6458942.830809,6458942830809.0,248.0
1360325466969,gyro,0.1464855,0.029297099,-0.01065349,6458972.799071,6458972799071.0,251.0
1360325466969,gyro,0.12784189,0.026633725,-0.007990118000000001,6458962.484130001,6458962484130.0,250.0
1360325466969,gyro,0.16246572,0.031960472000000004,-0.015980236000000002,6458982.869872,6458982869872.0,252.0
1360325467011,gyro,0.16512910000000003,0.026633725,-0.023970352,6459022.725829,6459022725829.0,255.0
1360325467011,gyro,0.17578259,0.029297099,-0.023970352,6459013.570555001,6459013570555.0,254.0
1360325467011,gyro,0.17311922,0.031960472000000004,-0.018643608,6458992.452391,6458992452391.0,253.0
1360325467039,gyro,0.15181224,0.023970352,-0.023970352,6459032.399901,6459032399901.0,256.0
1360325467039,gyro,0.14115874,0.018643608,-0.02130698,6459042.714843,6459042714843.0,257.0
1360325467039,gyro,0.13849537,0.015980236000000002,-0.018643608,6459052.694091001,6459052694091.0,258.0
1360325467069,gyro,0.13583199999999998,0.013316861999999999,-0.018643608,6459062.368163,6459062368163.0,259.0
1360325467069,gyro,0.13050525,0.01065349,-0.015980236000000002,6459072.652587,6459072652587.0,260.0
1360325467101,gyro,0.07723781,0.0,-0.01065349,6459112.722167,6459112722167.0,263.0
1360325467101,gyro,0.122515135,0.007990118000000001,-0.013316861999999999,6459083.242186,6459083242186.0,261.0
1360325467101,gyro,0.09321803599999999,0.0026633726,-0.013316861999999999,6459104.696044,6459104696044.0,262.0
1360325467129,gyro,0.061257567,0.0,-0.007990118000000001,6459122.304686,6459122304686.0,264.0
1360325467129,gyro,0.047940705,0.0,-0.005326745,6459132.619628,6459132619628.0,265.0
1360325467130,gyro,0.037287217000000004,0.0,0.0,6459142.690428,6459142690428.0,266.0
1360325467159,gyro,0.029297099,0.0,0.0026633726,6459152.272948001,6459152272948.0,267.0
1360325467159,gyro,0.005326745,0.0,0.01065349,6459172.628173,6459172628173.0,269.0
1360325467159,gyro,0.018643608,0.0,0.007990118000000001,6459162.679442,6459162679442.0,268.0
1360325467201,gyro,-0.0026633726,-0.0026633726,0.007990118000000001,6459182.24121,6459182241210.0,270.0
1360325467201,gyro,-0.013316861999999999,-0.005326745,0.0,6459203.420409,6459203420409.0,271.0
1360325467202,gyro,-0.007990118000000001,-0.0026633726,-0.005326745,6459212.423094001,6459212423094.0,272.0
1360325467229,gyro,0.005326745,0.0,-0.0026633726,6459232.473143,6459232473143.0,274.0
1360325467229,gyro,0.007990118000000001,0.0,0.0,6459242.574462,6459242574462.0,275.0
1360325467229,gyro,0.0,0.0,-0.005326745,6459222.188719001,6459222188719.0,273.0
1360325467259,gyro,0.007990118000000001,0.0,0.0026633726,6459262.532958,6459262532958.0,277.0
1360325467259,gyro,0.007990118000000001,0.0,0.0,6459252.156981,6459252156981.0,276.0
1360325467291,gyro,0.069247685,0.023970352,0.0026633726,6459294.240721,6459294240721.0,279.0
1360325467291,gyro,0.018643608,0.0026633726,0.0026633726,6459273.0615220005,6459273061522.0,278.0
1360325467291,gyro,0.10120816,0.037287217000000004,0.005326745,6459302.3889150005,6459302388915.0,280.0
1360325467319,gyro,0.12517852,0.047940705,0.013316861999999999,6459312.093505001,6459312093505.0,281.0
1360325467319,gyro,0.13583199999999998,0.05326745,0.018643608,6459322.469481,6459322469481.0,282.0
1360325467319,gyro,0.12517852,0.05060408,0.018643608,6459332.448729,6459332448729.0,283.0
1360325467349,gyro,0.10387153,0.039950587,0.015980236000000002,6459342.061766,6459342061766.0,284.0
1360325467349,gyro,0.07990117,0.031960472000000004,0.013316861999999999,6459352.34619,6459352346190.0,285.0
1360325467349,top,,,,,,
1360325467350,gyro,0.06658431,0.026633725,0.007990118000000001,6459362.416991,6459362416991.0,286.0
1360325467391,gyro,0.063920945,0.026633725,0.007990118000000001,6459372.030028,6459372030028.0,287.0
1360325467391,gyro,0.07457443,0.029297099,0.01065349,6459393.30078,6459393300780.0,288.0
1360325467391,gyro,0.069247685,0.026633725,0.005326745,6459402.272948001,6459402272948.0,289.0
1360325467419,gyro,0.063920945,0.023970352,0.0026633726,6459411.977538,6459411977538.0,290.0
1360325467419,gyro,0.07191106,0.029297099,0.0026633726,6459422.261962,6459422261962.0,291.0
1360325467419,gyro,0.10919827,0.045277335,0.0026633726,6459432.332762,6459432332762.0,292.0
1360325467449,gyro,0.20507969,0.07191106,0.0,6459441.915282,6459441915282.0,293.0
1360325467449,gyro,0.36754543,0.10387153,0.0,6459452.199705999,6459452199706.0,294.0
1360325467481,gyro,0.5752885,0.13050525,0.0026633726,6459463.094481,6459463094481.0,295.0
1360325467481,gyro,0.8442891,0.1464855,0.037287217000000004,6459484.426268,6459484426268.0,296.0
1360325467481,gyro,0.8070019,0.12784189,0.05060408,6459492.421874,6459492421874.0,297.0
1360325467509,gyro,0.6764965999999999,0.09588141,0.05060408,6459501.851805001,6459501851805.0,298.0
1360325467510,gyro,0.5140309000000001,0.06658431,0.039950587,6459512.166747,6459512166747.0,299.0
1360325467510,gyro,0.36488205,0.045277335,0.029297099,6459522.145994999,6459522145995.0,300.0
1360325467539,gyro,0.25834712,0.026633725,0.005326745,6459552.083739,6459552083739.0,303.0
1360325467539,gyro,0.22638667,0.026633725,0.01065349,6459542.226561,6459542226561.0,302.0
1360325467539,gyro,0.26367387,0.031960472000000004,0.018643608,6459531.820067,6459531820067.0,301.0
1360325467581,gyro,0.34357506,0.034623843,0.005326745,6459561.788329,6459561788329.0,304.0
1360325467581,gyro,0.54865474,0.06658431,0.01065349,6459582.998046,6459582998046.0,305.0
1360325467581,gyro,0.5912687,0.087891296,0.01065349,6459592.214354,6459592214354.0,306.0
1360325467609,gyro,0.5619715999999999,0.10120816,0.01065349,6459601.735839,6459601735839.0,307.0
1360325467610,gyro,0.47408032,0.10120816,0.01065349,6459612.05078,6459612050780.0,308.0
1360325467610,gyro,0.3489018,0.08256455,0.005326745,6459622.030028,6459622030028.0,309.0
1360325467639,gyro,0.087891296,0.013316861999999999,-0.015980236000000002,6459642.110594001,6459642110594.0,311.0
1360325467639,gyro,0.21306979999999998,0.05326745,-0.0026633726,6459631.7041,6459631704100.0,310.0
1360325467671,gyro,-0.08522792,-0.061257567,-0.047940705,6459682.058104,6459682058104.0,314.0
1360325467671,gyro,-0.005326745,-0.018643608,-0.031960472000000004,6459652.913817,6459652913817.0,312.0
1360325467671,gyro,-0.087891296,-0.06658431,-0.05060408,6459674.337157,6459674337157.0,313.0
1360325467699,gyro,-0.06658431,-0.045277335,-0.039950587,6459691.640624,6459691640624.0,315.0
1360325467699,gyro,-0.045277335,-0.02130698,-0.029297099,6459701.925048,6459701925048.0,316.0
1360325467700,gyro,-0.031960472000000004,0.0,-0.018643608,6459711.995848,6459711995848.0,317.0
1360325467729,gyro,-0.023970352,0.005326745,-0.013316861999999999,6459721.6088849995,6459721608885.0,318.0
1360325467729,gyro,-0.018643608,0.013316861999999999,-0.029297099,6459741.96411,6459741964110.0,320.0
1360325467729,gyro,-0.02130698,0.01065349,-0.018643608,6459732.13745,6459732137450.0,319.0
1360325467771,gyro,-0.018643608,0.015980236000000002,-0.034623843,6459751.546630001,6459751546630.0,321.0
1360325467771,gyro,-0.023970352,0.018643608,-0.029297099,6459781.911619999,6459781911620.0,323.0
1360325467771,gyro,-0.018643608,0.02130698,-0.029297099,6459773.0615220005,6459773061522.0,322.0
1360325467799,gyro,-0.061257567,0.0,-0.018643608,6459801.809080999,6459801809081.0,325.0
1360325467799,gyro,-0.039950587,0.007990118000000001,-0.023970352,6459791.524657,6459791524657.0,324.0
1360325467800,gyro,-0.08522792,-0.01065349,-0.01065349,6459811.879882,6459811879882.0,326.0
1360325467829,gyro,-0.117188394,-0.029297099,0.0,6459831.868895,6459831868895.0,328.0
1360325467829,gyro,-0.10387153,-0.023970352,-0.0026633726,6459821.462401,6459821462401.0,327.0
1360325467861,gyro,-0.12784189,-0.029297099,0.005326745,6459871.816405,6459871816405.0,331.0
1360325467861,gyro,-0.14115874,-0.031960472000000004,0.005326745,6459863.088378,6459863088378.0,330.0
1360325467861,gyro,-0.12784189,-0.031960472000000004,0.0,6459841.848143,6459841848143.0,329.0
1360325467861,bottom,,,,,,
1360325467889,gyro,-0.045277335,-0.0026633726,0.007990118000000001,6459891.713866,6459891713866.0,333.0
1360325467889,gyro,0.005326745,0.013316861999999999,0.013316861999999999,6459901.693114,6459901693114.0,334.0
1360325467889,gyro,-0.09588141,-0.018643608,0.005326745,6459881.398925,6459881398925.0,332.0
1360325467920,gyro,0.05060408,0.023970352,0.018643608,6459911.367186,6459911367186.0,335.0
1360325467920,gyro,0.07723781,0.026633725,0.023970352,6459921.956786,6459921956786.0,336.0
1360325467920,gyro,0.07457443,0.02130698,0.029297099,6459931.752928,6459931752928.0,337.0
1360325467961,gyro,0.05060408,0.01065349,0.034623843,6459941.335448001,6459941335448.0,338.0
1360325467961,gyro,-0.023970352,-0.01065349,0.034623843,6459962.972411,6459962972411.0,339.0
1360325467961,gyro,-0.069247685,-0.02130698,0.029297099,6459971.700437999,6459971700438.0,340.0
1360325467989,gyro,-0.16246572,-0.037287217000000004,0.023970352,6459991.597899,6459991597899.0,342.0
1360325467989,gyro,-0.11452502,-0.029297099,0.029297099,6459981.282958,6459981282958.0,341.0
1360325467989,gyro,-0.21040644,-0.047940705,0.018643608,6460001.5771470005,6460001577147.0,343.0
1360325468019,gyro,-0.24769364,-0.058594197,0.007990118000000001,6460011.251219001,6460011251219.0,344.0
1360325468019,gyro,-0.26900062,-0.069247685,0.0,6460021.535643,6460021535643.0,345.0
1360325468051,gyro,-0.26900062,-0.07990117,-0.007990118000000001,6460031.636962,6460031636962.0,346.0
1360325468051,gyro,-0.23437679,-0.09055467,-0.007990118000000001,6460052.999266,6460052999266.0,347.0
1360325468051,gyro,-0.22105992,-0.09588141,-0.0026633726,6460061.605223,6460061605223.0,348.0
1360325468079,gyro,-0.21573317,-0.10387153,-0.0026633726,6460071.187743,6460071187743.0,349.0
1360325468079,gyro,-0.22105992,-0.111861646,0.0,6460081.472167,6460081472167.0,350.0
1360325468079,gyro,-0.23171341,-0.11452502,0.013316861999999999,6460091.4514150005,6460091451415.0,351.0
1360325468109,gyro,-0.26367387,-0.117188394,0.034623843,6460101.156005001,6460101156005.0,352.0
1360325468109,gyro,-0.31427795,-0.12517852,0.045277335,6460111.959226999,6460111959227.0,353.0
1360325468109,gyro,-0.38086227,-0.13849537,0.037287217000000004,6460121.419676,6460121419676.0,354.0
1360325468151,gyro,-0.44744658,-0.18909945,0.0,6460152.089843,6460152089843.0,356.0
1360325468151,gyro,-0.41548613,-0.19708957,0.0,6460161.489257,6460161489257.0,357.0
1360325468151,gyro,-0.43679309999999993,-0.15713897,0.018643608,6460131.124266,6460131124266.0,355.0
1360325468179,gyro,-0.38086227,-0.19708957,-0.007990118000000001,6460171.071776,6460171071776.0,358.0
1360325468179,gyro,-0.35156518,-0.19442620000000002,-0.015980236000000002,6460181.3562,6460181356200.0,359.0
1360325468179,gyro,-0.32493144,-0.18909945,-0.023970352,6460191.335448001,6460191335448.0,360.0
1360325468209,gyro,-0.29030759999999994,-0.18377271,-0.029297099,6460201.00952,6460201009520.0,361.0
1360325468209,gyro,-0.24769364,-0.18110934,-0.037287217000000004,6460211.232909,6460211232909.0,362.0
1360325468209,gyro,-0.19975294,-0.18110934,-0.045277335,6460220.998534,6460220998534.0,363.0
1360325468250,gyro,-0.15713897,-0.18377271,-0.05060408,6460230.977782,6460230977782.0,364.0
1360325468251,gyro,-0.08522792,-0.17311922,-0.047940705,6460261.556395,6460261556395.0,366.0
1360325468251,gyro,-0.09854478400000001,-0.17844597,-0.05060408,6460252.095946,6460252095946.0,365.0
1360325468279,gyro,-0.063920945,-0.15181224,-0.05060408,6460281.240233,6460281240233.0,368.0
1360325468279,gyro,-0.07457443,-0.16246572,-0.047940705,6460271.047362001,6460271047362.0,367.0
1360325468279,gyro,-0.05326745,-0.14382212,-0.061257567,6460291.311034,6460291311034.0,369.0
1360325468309,gyro,-0.045277335,-0.14115874,-0.07457443,6460301.442869999,6460301442870.0,370.0
1360325468309,gyro,-0.039950587,-0.14115874,-0.08522792,6460311.300048,6460311300048.0,371.0
1360325468341,gyro,-0.05326745,-0.14914887,-0.08522792,6460342.7026349995,6460342702635.0,373.0
1360325468341,gyro,-0.07723781,-0.15181224,-0.07723781,6460351.156005001,6460351156005.0,374.0
1360325468341,gyro,-0.039950587,-0.14382212,-0.09055467,6460321.462401,6460321462401.0,372.0
1360325468369,gyro,-0.21573317,-0.1464855,-0.05060408,6460381.215819,6460381215819.0,377.0
1360325468369,gyro,-0.16246572,-0.15447561,-0.058594197,6460371.267089,6460371267089.0,376.0
1360325468369,gyro,-0.11452502,-0.15447561,-0.06658431,6460360.830077,6460360830077.0,375.0
1360325468369,top,,,,,,
1360325468399,gyro,-0.26367387,-0.13583199999999998,-0.04261396,6460390.798339,6460390798339.0,378.0
1360325468399,gyro,-0.29563436,-0.12517852,-0.039950587,6460401.11328,6460401113280.0,379.0
1360325468430,gyro,-0.30362448,-0.122515135,-0.037287217000000004,6460411.184080999,6460411184081.0,380.0
1360325468431,gyro,-0.26367387,-0.11985177,-0.02130698,6460432.576903,6460432576903.0,381.0
1360325468431,gyro,-0.2530204,-0.11452502,-0.005326745,6460441.152343,6460441152343.0,382.0
1360325468459,gyro,-0.32759482,-0.12517852,0.023970352,6460461.019286,6460461019286.0,384.0
1360325468459,gyro,-0.27699074,-0.117188394,0.007990118000000001,6460450.734862001,6460450734862.0,383.0
1360325468460,gyro,-0.39417914,-0.14115874,0.026633725,6460471.059569,6460471059569.0,385.0
1360325468489,gyro,-0.46875358,-0.16779247,0.026633725,6460500.966796,6460500966796.0,388.0
1360325468489,gyro,-0.47940707,-0.16779247,0.018643608,6460491.689452,6460491689452.0,387.0
1360325468489,gyro,-0.45277333,-0.15713897,0.023970352,6460480.703124,6460480703124.0,386.0
1360325468530,gyro,-0.43146634,-0.15713897,0.045277335,6460510.6713849995,6460510671385.0,389.0
1360325468531,gyro,-0.35689193,-0.11985177,0.069247685,6460531.759032,6460531759032.0,390.0
1360325468531,gyro,-0.33824829999999995,-0.10653489999999999,0.069247685,6460541.036376,6460541036376.0,391.0
1360325468559,gyro,-0.32759482,-0.09321803599999999,0.069247685,6460550.618895,6460550618895.0,392.0
1360325468560,gyro,-0.31427795,-0.07990117,0.063920945,6460560.903319,6460560903319.0,393.0
1360325468560,gyro,-0.292971,-0.06658431,0.055930823,6460570.882567,6460570882567.0,394.0
1360325468589,gyro,-0.17311922,-0.018643608,0.047940705,6460600.850829,6460600850829.0,397.0
1360325468589,gyro,-0.21573317,-0.034623843,0.047940705,6460590.871580999,6460590871581.0,396.0
1360325468589,gyro,-0.25834712,-0.05060408,0.05060408,6460580.587157,6460580587157.0,395.0
1360325468630,gyro,-0.13583199999999998,-0.007990118000000001,0.05060408,6460610.555419,6460610555419.0,398.0
1360325468631,gyro,-0.05326745,0.007990118000000001,0.055930823,6460641.134032,6460641134032.0,400.0
1360325468631,gyro,-0.08256455,0.0026633726,0.055930823,6460631.7041,6460631704100.0,399.0
1360325468659,gyro,-0.013316861999999999,0.01065349,0.055930823,6460650.502928,6460650502928.0,401.0
1360325468660,gyro,0.029297099,0.015980236000000002,0.047940705,6460660.787351999,6460660787352.0,402.0
1360325468660,gyro,0.08256455,0.02130698,0.037287217000000004,6460670.7666,6460670766600.0,403.0
1360325468689,gyro,0.13050525,0.026633725,0.02130698,6460681.325682,6460681325682.0,404.0
1360325468689,gyro,0.16779247,0.031960472000000004,0.005326745,6460690.755614,6460690755614.0,405.0
1360325468720,gyro,0.18909945,0.034623843,-0.0026633726,6460700.734862001,6460700734862.0,406.0
1360325468721,gyro,0.14914887,0.045277335,0.0026633726,6460730.825194,6460730825194.0,408.0
1360325468721,gyro,0.17578259,0.045277335,0.0,6460722.2802720005,6460722280272.0,407.0
1360325468749,gyro,0.08522792,0.037287217000000004,-0.005326745,6460760.854491,6460760854491.0,411.0
1360325468749,gyro,0.10120816,0.039950587,0.0,6460750.692137,6460750692137.0,410.0
1360325468749,gyro,0.122515135,0.045277335,0.0026633726,6460740.407714,6460740407714.0,409.0
1360325468779,gyro,0.069247685,0.034623843,-0.005326745,6460770.375975,6460770375975.0,412.0
1360325468779,gyro,0.05060408,0.031960472000000004,-0.005326745,6460780.660399,6460780660399.0,413.0
1360325468810,gyro,0.029297099,0.029297099,-0.0026633726,6460790.7312,6460790731200.0,414.0
1360325468811,gyro,-0.013316861999999999,0.023970352,-0.007990118000000001,6460811.971434,6460811971434.0,415.0
1360325468811,gyro,-0.029297099,0.02130698,-0.007990118000000001,6460820.729979,6460820729979.0,416.0
1360325468839,gyro,-0.039950587,0.018643608,-0.007990118000000001,6460830.281981,6460830281981.0,417.0
1360325468839,gyro,-0.05326745,0.015980236000000002,-0.005326745,6460840.596923,6460840596923.0,418.0
1360325468839,gyro,-0.061257567,0.013316861999999999,-0.005326745,6460850.576171,6460850576171.0,419.0
1360325468869,bottom,,,,,,
1360325468869,gyro,-0.045277335,0.015980236000000002,-0.01065349,6460880.635985,6460880635985.0,422.0
1360325468869,gyro,-0.058594197,0.013316861999999999,-0.007990118000000001,6460870.565184,6460870565184.0,421.0
1360325468869,gyro,-0.063920945,0.013316861999999999,-0.007990118000000001,6460860.250243,6460860250243.0,420.0
1360325468911,gyro,-0.023970352,0.015980236000000002,-0.01065349,6460890.218505001,6460890218505.0,423.0
1360325468911,gyro,0.015980236000000002,0.018643608,-0.007990118000000001,6460911.245116,6460911245116.0,424.0
1360325468911,gyro,0.026633725,0.018643608,-0.007990118000000001,6460920.491942,6460920491942.0,425.0
1360325468939,gyro,0.015980236000000002,0.018643608,-0.005326745,6460940.480955999,6460940480956.0,427.0
1360325468939,gyro,0.0,0.013316861999999999,-0.005326745,6460950.704344001,6460950704344.0,428.0
1360325468939,gyro,0.026633725,0.018643608,-0.007990118000000001,6460930.166014,6460930166014.0,426.0
1360325468969,gyro,-0.015980236000000002,0.0026633726,0.0,6460970.4187,6460970418700.0,430.0
1360325468969,gyro,-0.007990118000000001,0.007990118000000001,-0.0026633726,6460960.134276,6460960134276.0,429.0
1360325469000,gyro,-0.018643608,0.0,0.0,6460980.550536,6460980550536.0,431.0
1360325469000,gyro,-0.039950587,-0.013316861999999999,0.0,6461001.943358,6461001943358.0,432.0
1360325469001,gyro,-0.055930823,-0.02130698,0.0,6461010.48828,6461010488280.0,433.0
1360325469029,gyro,-0.09055467,-0.039950587,-0.0026633726,6461040.334471,6461040334471.0,436.0
1360325469029,gyro,-0.08256455,-0.034623843,-0.0026633726,6461030.355223,6461030355223.0,435.0
1360325469029,gyro,-0.07191106,-0.029297099,-0.0026633726,6461020.0708,6461020070800.0,434.0
1360325469059,gyro,-0.09854478400000001,-0.045277335,-0.005326745,6461060.323485,6461060323485.0,438.0
1360325469059,gyro,-0.10387153,-0.047940705,-0.005326745,6461070.302733,6461070302733.0,439.0
1360325469059,gyro,-0.09321803599999999,-0.04261396,-0.0026633726,6461050.039061,6461050039061.0,437.0
1360325469100,gyro,-0.10120816,-0.047940705,-0.005326745,6461079.976805001,6461079976805.0,440.0
1360325469100,gyro,-0.07990117,-0.037287217000000004,-0.007990118000000001,6461101.064452,6461101064452.0,441.0
1360325469101,gyro,-0.061257567,-0.029297099,-0.007990118000000001,6461110.372312999,6461110372313.0,442.0
1360325469129,gyro,-0.045277335,-0.02130698,-0.01065349,6461119.924315,6461119924315.0,443.0
1360325469129,gyro,-0.023970352,-0.013316861999999999,-0.013316861999999999,6461130.239257,6461130239257.0,444.0
1360325469129,gyro,-0.0026633726,-0.005326745,-0.013316861999999999,6461140.645751,6461140645751.0,445.0
1360325469159,gyro,0.013316861999999999,0.0,-0.013316861999999999,6461149.923094001,6461149923094.0,446.0
1360325469159,gyro,0.026633725,0.005326745,-0.01065349,6461160.207518,6461160207518.0,447.0
1360325469160,gyro,0.037287217000000004,0.01065349,-0.01065349,6461170.186766,6461170186766.0,448.0
1360325469200,gyro,0.045277335,0.013316861999999999,-0.01065349,6461179.891356,6461179891356.0,449.0
1360325469200,gyro,0.06658431,0.018643608,-0.013316861999999999,6461200.948485,6461200948485.0,450.0
1360325469201,gyro,0.08256455,0.02130698,-0.015980236000000002,6461210.378417,6461210378417.0,451.0
1360325469229,gyro,0.10653489999999999,0.026633725,-0.018643608,6461219.838866,6461219838866.0,452.0
1360325469229,gyro,0.13050525,0.034623843,-0.02130698,6461230.1232900005,6461230123290.0,453.0
1360325469229,gyro,0.14914887,0.045277335,-0.023970352,6461240.224608,6461240224608.0,454.0
1360325469259,gyro,0.18643607,0.061257567,-0.02130698,6461260.091551,6461260091551.0,456.0
1360325469259,gyro,0.16512910000000003,0.055930823,-0.026633725,6461249.77661,6461249776610.0,455.0
1360325469290,gyro,0.25834712,0.05060408,0.005326745,6461291.463622,6461291463622.0,458.0
1360325469290,gyro,0.21040644,0.063920945,-0.013316861999999999,6461270.0708,6461270070800.0,457.0
1360325469291,gyro,0.27166399999999996,0.039950587,0.018643608,6461300.039061,6461300039061.0,459.0
1360325469319,gyro,0.22105992,0.026633725,0.029297099,6461330.556639,6461330556639.0,462.0
1360325469319,gyro,0.2530204,0.029297099,0.029297099,6461320.028075,6461320028075.0,461.0
1360325469319,gyro,0.27166399999999996,0.031960472000000004,0.026633725,6461309.713134,6461309713134.0,460.0
1360325469349,gyro,0.10387153,0.01065349,0.0026633726,6461359.670409,6461359670409.0,465.0
1360325469349,gyro,0.18110934,0.023970352,0.02130698,6461339.711913,6461339711913.0,463.0
1360325469349,gyro,0.13849537,0.015980236000000002,0.01065349,6461349.691161,6461349691161.0,464.0
1360325469390,top,,,,,,
1360325469390,gyro,0.061257567,0.01065349,-0.0026633726,6461399.617919,6461399617919.0,468.0
1360325469390,gyro,0.07191106,0.007990118000000001,0.0,6461389.547118,6461389547118.0,467.0
1360325469390,gyro,0.08256455,0.005326745,0.0,6461369.649657,6461369649657.0,466.0
1360325469418,gyro,0.04261396,0.01065349,-0.007990118000000001,6461409.597167,6461409597167.0,469.0
1360325469419,gyro,0.02130698,0.007990118000000001,-0.013316861999999999,6461419.606932,6461419606932.0,470.0
1360325469419,gyro,0.0026633726,0.007990118000000001,-0.015980236000000002,6461429.586180001,6461429586180.0,471.0
1360325469449,gyro,-0.01065349,0.007990118000000001,-0.018643608,6461449.575194,6461449575194.0,473.0
1360325469449,gyro,-0.007990118000000001,0.007990118000000001,-0.018643608,6461439.565428,6461439565428.0,472.0
1360325469480,gyro,-0.007990118000000001,0.007990118000000001,-0.018643608,6461459.554442,6461459554442.0,474.0
1360325469480,gyro,-0.007990118000000001,0.007990118000000001,-0.015980236000000002,6461481.069335,6461481069335.0,475.0
1360325469480,gyro,-0.015980236000000002,0.007990118000000001,-0.013316861999999999,6461489.522704,6461489522704.0,476.0
1360325469509,gyro,-0.039950587,0.0,-0.005326745,6461520.192869999,6461520192870.0,479.0
1360325469509,gyro,-0.029297099,0.005326745,-0.013316861999999999,6461499.501952,6461499501952.0,477.0
1360325469509,gyro,-0.037287217000000004,0.0026633726,-0.01065349,6461509.4812,6461509481200.0,478.0
1360325469509,gyro,-0.034623843,0.0,0.0,6461529.439696,6461529439696.0,480.0
1360325469539,gyro,-0.023970352,0.0,0.0026633726,6461539.449462,6461539449462.0,481.0
1360325469539,gyro,-0.015980236000000002,0.0026633726,0.005326745,6461549.42871,6461549428710.0,482.0
1360325469580,gyro,0.013316861999999999,0.01065349,0.0026633726,6461580.587157,6461580587157.0,484.0
1360325469580,gyro,-0.007990118000000001,0.005326745,0.005326745,6461559.438475,6461559438475.0,483.0
1360325469580,gyro,0.026633725,0.015980236000000002,0.0026633726,6461590.108641,6461590108641.0,485.0
1360325469609,gyro,0.037287217000000004,0.018643608,0.0026633726,6461599.385985,6461599385985.0,486.0
1360325469609,gyro,0.04261396,0.02130698,0.0026633726,6461609.670409,6461609670409.0,487.0
1360325469609,gyro,0.039950587,0.018643608,0.0026633726,6461619.771726999,6461619771727.0,488.0
1360325469639,gyro,0.031960472000000004,0.015980236000000002,0.0,6461629.354247,6461629354247.0,489.0
1360325469639,gyro,0.023970352,0.013316861999999999,0.0,6461639.638671,6461639638671.0,490.0
1360325469670,gyro,0.005326745,0.005326745,0.0,6461671.102294,6461671102294.0,492.0
1360325469670,gyro,0.015980236000000002,0.01065349,0.0,6461649.617919,6461649617919.0,491.0
1360325469671,gyro,-0.02130698,-0.005326745,0.0,6461689.260253,6461689260253.0,494.0
1360325469671,gyro,-0.0026633726,0.0,0.0,6461679.586180001,6461679586180.0,493.0
1360325469699,gyro,-0.07457443,-0.018643608,-0.0026633726,6461719.228514,6461719228514.0,497.0
1360325469699,gyro,-0.061257567,-0.015980236000000002,-0.0026633726,6461710.500487001,6461710500487.0,496.0
1360325469699,gyro,-0.04261396,-0.013316861999999999,0.0,6461699.575194,6461699575194.0,495.0
1360325469729,gyro,-0.07457443,-0.026633725,-0.0026633726,6461739.614257,6461739614257.0,499.0
1360325469729,gyro,-0.07723781,-0.023970352,-0.0026633726,6461729.543455999,6461729543456.0,498.0
1360325469770,gyro,-0.06658431,-0.026633725,-0.0026633726,6461749.196776,6461749196776.0,500.0
1360325469770,gyro,-0.061257567,-0.026633725,-0.005326745,6461770.528562999,6461770528563.0,501.0
1360325469771,gyro,-0.061257567,-0.023970352,-0.005326745,6461779.836425,6461779836425.0,502.0
1360325469771,gyro,-0.063920945,-0.023970352,-0.005326745,6461789.235839,6461789235839.0,503.0
1360325469799,gyro,-0.069247685,-0.02130698,-0.005326745,6461799.459226999,6461799459227.0,504.0
1360325469799,gyro,-0.07723781,-0.02130698,-0.005326745,6461809.530028,6461809530028.0,505.0
1360325469829,gyro,-0.09321803599999999,-0.023970352,-0.005326745,6461829.427489,6461829427489.0,507.0
1360325469829,gyro,-0.087891296,-0.02130698,-0.005326745,6461819.112548,6461819112548.0,506.0
1360325469860,gyro,-0.063920945,-0.018643608,0.0026633726,6461869.466551,6461869466551.0,510.0
1360325469860,gyro,-0.07191106,-0.02130698,0.0,6461860.830077,6461860830077.0,509.0
1360325469860,gyro,-0.09055467,-0.023970352,-0.005326745,6461839.4982900005,6461839498290.0,508.0
1360325469889,gyro,-0.047940705,-0.013316861999999999,0.0,6461889.486083,6461889486083.0,512.0
1360325469889,gyro,-0.058594197,-0.015980236000000002,0.0,6461879.049071,6461879049071.0,511.0
1360325469889,gyro,-0.034623843,-0.007990118000000001,0.0,6461899.312743,6461899312743.0,513.0
1360325469889,gyro,-0.018643608,-0.0026633726,-0.0026633726,6461909.017333,6461909017333.0,514.0
1360325469929,bottom,,,,,,
1360325469929,gyro,-0.007990118000000001,0.0,-0.005326745,6461919.149169,6461919149169.0,515.0
1360325469929,gyro,0.0,0.005326745,-0.007990118000000001,6461929.281005001,6461929281005.0,516.0
1360325469960,gyro,-0.0026633726,0.015980236000000002,-0.0026633726,6461970.083007,6461970083007.0,519.0
1360325469960,gyro,0.0,0.015980236000000002,-0.007990118000000001,6461960.744628,6461960744628.0,518.0
1360325469960,gyro,0.0,0.01065349,-0.007990118000000001,6461939.29077,6461939290770.0,517.0
1360325469989,gyro,-0.023970352,0.005326745,0.005326745,6462008.931884,6462008931884.0,523.0
1360325469989,gyro,-0.015980236000000002,0.01065349,0.0026633726,6461999.196776,6461999196776.0,522.0
1360325469989,gyro,-0.007990118000000001,0.013316861999999999,0.0026633726,6461989.278562999,6461989278563.0,521.0
1360325469989,gyro,-0.005326745,0.015980236000000002,0.0,6461979.177244999,6461979177245.0,520.0
1360325470019,gyro,-0.037287217000000004,0.0026633726,0.0026633726,6462019.033202,6462019033202.0,524.0
1360325470050,gyro,-0.06658431,0.0,0.01065349,6462059.255369999,6462059255370.0,527.0
1360325470050,gyro,-0.061257567,0.0,0.007990118000000001,6462050.985106,6462050985106.0,526.0
1360325470050,gyro,-0.047940705,0.0,0.0026633726,6462029.226073001,6462029226073.0,525.0
1360325470051,gyro,-0.07457443,-0.0026633726,0.01065349,6462068.837889,6462068837889.0,528.0
1360325470079,gyro,-0.09588141,-0.0026633726,0.015980236000000002,6462089.101561,6462089101561.0,530.0
1360325470079,gyro,-0.087891296,-0.0026633726,0.01065349,6462078.939208,6462078939208.0,529.0
1360325470109,gyro,-0.111861646,-0.0026633726,0.023970352,6462119.100341001,6462119100341.0,533.0
1360325470109,gyro,-0.10387153,-0.0026633726,0.018643608,6462098.775634,6462098775634.0,531.0
1360325470109,gyro,-0.10653489999999999,-0.0026633726,0.023970352,6462109.090575,6462109090575.0,532.0
1360325470150,gyro,-0.11985177,-0.007990118000000001,0.026633725,6462128.743895,6462128743895.0,534.0
1360325470150,gyro,-0.14382212,-0.015980236000000002,0.029297099,6462150.22827,6462150228270.0,535.0
1360325470151,gyro,-0.15713897,-0.018643608,0.029297099,6462159.566649,6462159566649.0,536.0
1360325470151,gyro,-0.18110934,-0.02130698,0.031960472000000004,6462169.118651,6462169118651.0,537.0
1360325470179,gyro,-0.2610105,-0.031960472000000004,0.034623843,6462188.985594001,6462188985594.0,539.0
1360325470179,gyro,-0.21839654,-0.026633725,0.034623843,6462179.006346,6462179006346.0,538.0
1360325470209,gyro,-0.29563436,-0.04261396,0.034623843,6462199.086913,6462199086913.0,540.0
1360325470209,gyro,-0.30628785,-0.047940705,0.031960472000000004,6462208.791503,6462208791503.0,541.0
1360325470240,gyro,-0.29829773,-0.05060408,0.029297099,6462218.648680001,6462218648680.0,542.0
1360325470240,gyro,-0.25834712,-0.055930823,0.018643608,6462239.675292,6462239675292.0,543.0
1360325470240,gyro,-0.2530204,-0.058594197,0.015980236000000002,6462248.922118,6462248922118.0,544.0
1360325470241,gyro,-0.2610105,-0.061257567,0.013316861999999999,6462258.59619,6462258596190.0,545.0
1360325470268,gyro,-0.27965412,-0.063920945,0.01065349,6462268.728026,6462268728026.0,546.0
1360325470269,gyro,-0.29030759999999994,-0.061257567,0.01065349,6462278.9208970005,6462278920897.0,547.0
1360325470269,gyro,-0.29030759999999994,-0.058594197,0.013316861999999999,6462288.564452,6462288564452.0,548.0
1360325470299,gyro,-0.26367387,-0.05060408,0.029297099,6462308.889159,6462308889159.0,550.0
1360325470299,gyro,-0.2823175,-0.055930823,0.018643608,6462298.66577,6462298665770.0,549.0
1360325470340,gyro,-0.20774306,-0.039950587,0.047940705,6462339.62036,6462339620360.0,552.0
1360325470340,gyro,-0.24503027,-0.047940705,0.037287217000000004,6462318.532714,6462318532714.0,551.0
1360325470341,gyro,-0.19176282,-0.034623843,0.045277335,6462349.080809,6462349080809.0,553.0
1360325470368,gyro,-0.17045584,-0.029297099,0.039950587,6462359.426268,6462359426268.0,554.0
1360325470369,gyro,-0.07457443,-0.005326745,0.0,6462388.448485,6462388448485.0,557.0
1360325470369,gyro,-0.10919827,-0.013316861999999999,0.013316861999999999,6462378.804930001,6462378804930.0,556.0
1360325470369,gyro,-0.14382212,-0.018643608,0.026633725,6462368.7646470005,6462368764647.0,555.0
1360325470399,gyro,-0.045277335,0.0,-0.005326745,6462398.549803,6462398549803.0,558.0
1360325470430,gyro,-0.029297099,0.0,-0.013316861999999999,6462408.773192,6462408773192.0,559.0
1360325470430,top,,,,,,
1360325470430,gyro,-0.007990118000000001,0.0,-0.018643608,6462430.013426,6462430013426.0,560.0
1360325470431,gyro,0.0026633726,0.0,-0.013316861999999999,6462448.720702,6462448720702.0,562.0
1360325470431,gyro,0.0,0.0,-0.015980236000000002,6462438.771971,6462438771971.0,561.0
1360325470459,gyro,-0.0026633726,0.0,-0.005326745,6462468.709716001,6462468709716.0,564.0
1360325470459,gyro,-0.007990118000000001,0.0,-0.007990118000000001,6462478.688964,6462478688964.0,565.0
1360325470459,gyro,0.0026633726,0.0026633726,-0.007990118000000001,6462458.486327,6462458486327.0,563.0
1360325470489,gyro,-0.013316861999999999,-0.007990118000000001,-0.015980236000000002,6462498.677976999,6462498677977.0,567.0
1360325470489,gyro,-0.01065349,-0.005326745,-0.01065349,6462488.454589,6462488454589.0,566.0
1360325470530,gyro,-0.034623843,-0.018643608,-0.023970352,6462530.2026349995,6462530202635.0,569.0
1360325470530,gyro,-0.018643608,-0.013316861999999999,-0.018643608,6462508.657225,6462508657225.0,568.0
1360325470531,gyro,-0.045277335,-0.023970352,-0.026633725,6462549.031981,6462549031981.0,571.0
1360325470531,gyro,-0.039950587,-0.02130698,-0.023970352,6462539.571532,6462539571532.0,570.0
1360325470558,gyro,-0.045277335,-0.023970352,-0.029297099,6462558.37036,6462558370360.0,572.0
1360325470559,gyro,-0.034623843,-0.026633725,-0.029297099,6462578.572997,6462578572997.0,574.0
1360325470559,gyro,-0.039950587,-0.026633725,-0.029297099,6462568.563231,6462568563231.0,573.0
1360325470589,gyro,-0.023970352,-0.023970352,-0.029297099,6462588.338622,6462588338622.0,575.0
1360325470621,gyro,0.0026633726,-0.015980236000000002,-0.045277335,6462628.469237001,6462628469237.0,578.0
1360325470621,gyro,-0.0026633726,-0.015980236000000002,-0.037287217000000004,6462619.832762,6462619832762.0,577.0
1360325470621,gyro,-0.015980236000000002,-0.02130698,-0.029297099,6462598.531493,6462598531493.0,576.0
1360325470621,gyro,0.007990118000000001,-0.015980236000000002,-0.05060408,6462638.50952,6462638509520.0,579.0
1360325470648,gyro,0.007990118000000001,-0.015980236000000002,-0.058594197,6462648.275145,6462648275145.0,580.0
1360325470649,gyro,0.007990118000000001,-0.015980236000000002,-0.063920945,6462658.468016,6462658468016.0,581.0
1360325470649,gyro,0.0,-0.018643608,-0.06658431,6462668.447264,6462668447264.0,582.0
1360325470679,gyro,-0.0026633726,-0.02130698,-0.069247685,6462678.243407,6462678243407.0,583.0
1360325470679,gyro,-0.013316861999999999,-0.023970352,-0.069247685,6462688.436278,6462688436278.0,584.0
1360325470720,gyro,-0.02130698,-0.026633725,-0.063920945,6462698.446044,6462698446044.0,585.0
1360325470721,gyro,-0.034623843,-0.034623843,-0.05060408,6462719.472655,6462719472655.0,586.0
1360325470721,gyro,-0.034623843,-0.034623843,-0.039950587,6462728.902587,6462728902587.0,587.0
1360325470748,gyro,-0.029297099,-0.037287217000000004,-0.029297099,6462739.278562999,6462739278563.0,588.0
1360325470749,gyro,-0.023970352,-0.037287217000000004,-0.015980236000000002,6462748.311766,6462748311766.0,589.0
1360325470749,gyro,-0.015980236000000002,-0.037287217000000004,-0.005326745,6462758.35205,6462758352050.0,590.0
1360325470749,gyro,-0.013316861999999999,-0.037287217000000004,0.0026633726,6462768.331298,6462768331298.0,591.0
1360325470779,gyro,-0.01065349,-0.034623843,0.01065349,6462778.12744,6462778127440.0,592.0
1360325470810,gyro,-0.01065349,-0.034623843,0.018643608,6462788.320311,6462788320311.0,593.0
1360325470811,gyro,0.0,-0.013316861999999999,0.045277335,6462828.359374,6462828359374.0,596.0
1360325470811,gyro,0.0,-0.018643608,0.039950587,6462818.471678,6462818471678.0,595.0
1360325470811,gyro,-0.005326745,-0.023970352,0.034623843,6462809.865721,6462809865721.0,594.0
1360325470838,gyro,0.0,-0.007990118000000001,0.05060408,6462838.033446,6462838033446.0,597.0
1360325470839,gyro,0.0026633726,-0.0026633726,0.055930823,6462858.236083,6462858236083.0,599.0
1360325470839,gyro,0.0,-0.005326745,0.05326745,6462848.287351999,6462848287352.0,598.0
1360325470869,gyro,0.013316861999999999,0.0,0.058594197,6462878.225096,6462878225096.0,601.0
1360325470869,gyro,0.005326745,0.0,0.055930823,6462868.001708,6462868001708.0,600.0
1360325470910,gyro,0.02130698,0.0026633726,0.055930823,6462888.204344001,6462888204344.0,602.0
1360325470911,gyro,0.031960472000000004,0.01065349,0.047940705,6462918.966062999,6462918966063.0,604.0
1360325470911,gyro,0.031960472000000004,0.007990118000000001,0.05326745,6462909.475096,6462909475096.0,603.0
1360325470911,gyro,0.026633725,0.013316861999999999,0.04261396,6462928.182372,6462928182372.0,605.0
1360325470939,bottom,,,,,,
1360325470939,gyro,0.02130698,0.013316861999999999,0.037287217000000004,6462937.917479,6462937917479.0,606.0
1360325470939,gyro,0.015980236000000002,0.013316861999999999,0.031960472000000004,6462948.140868,6462948140868.0,607.0
1360325470939,gyro,0.013316861999999999,0.013316861999999999,0.026633725,6462958.120116,6462958120116.0,608.0
1360325470969,gyro,0.007990118000000001,0.013316861999999999,0.018643608,6462967.885741,6462967885741.0,609.0
1360325471001,gyro,0.005326745,0.013316861999999999,0.013316861999999999,6462978.109130001,6462978109130.0,610.0
1360325471002,gyro,0.0,0.007990118000000001,0.005326745,6462999.929198001,6462999929198.0,611.0
1360325471002,gyro,-0.0026633726,0.005326745,0.005326745,6463008.321532,6463008321532.0,612.0
1360325471002,gyro,-0.01065349,0.0026633726,0.0026633726,6463018.056639,6463018056639.0,613.0
1360325471028,gyro,-0.026633725,0.0026633726,0.0026633726,6463027.822264,6463027822264.0,614.0
1360325471029,gyro,-0.055930823,-0.0026633726,0.0,6463048.024901,6463048024901.0,616.0
1360325471029,gyro,-0.04261396,0.0,0.0,6463038.076171,6463038076171.0,615.0
1360325471059,gyro,-0.06658431,-0.007990118000000001,0.0,6463057.790526,6463057790526.0,617.0
1360325471059,gyro,-0.07191106,-0.01065349,0.007990118000000001,6463067.9833970005,6463067983397.0,618.0
1360325471101,gyro,-0.07457443,-0.013316861999999999,0.018643608,6463077.962645,6463077962645.0,619.0
1360325471101,gyro,-0.07723781,-0.013316861999999999,0.026633725,6463099.416503,6463099416503.0,620.0
1360325471101,gyro,-0.07457443,-0.013316861999999999,0.029297099,6463108.724364,6463108724364.0,621.0
1360325471102,gyro,-0.06658431,-0.013316861999999999,0.037287217000000004,6463117.940673,6463117940673.0,622.0
1360325471128,gyro,-0.058594197,-0.013316861999999999,0.045277335,6463127.706298,6463127706298.0,623.0
1360325471129,gyro,-0.05060408,-0.007990118000000001,0.045277335,6463147.908934,6463147908934.0,625.0
1360325471129,gyro,-0.05326745,-0.01065349,0.045277335,6463137.899169,6463137899169.0,624.0
1360325471158,gyro,-0.045277335,-0.007990118000000001,0.04261396,6463157.674559,6463157674559.0,626.0
1360325471191,gyro,-0.039950587,-0.005326745,0.037287217000000004,6463167.867430001,6463167867430.0,627.0
1360325471191,gyro,-0.045277335,-0.007990118000000001,0.034623843,6463189.718016,6463189718016.0,628.0
1360325471192,gyro,-0.05060408,-0.007990118000000001,0.034623843,6463198.354491,6463198354491.0,629.0
1360325471192,gyro,-0.055930823,-0.01065349,0.039950587,6463207.81494,6463207814940.0,630.0
1360325471219,gyro,-0.058594197,-0.013316861999999999,0.045277335,6463217.489012,6463217489012.0,631.0
1360325471219,gyro,-0.061257567,-0.013316861999999999,0.05326745,6463227.773436,6463227773436.0,632.0
1360325471219,gyro,-0.063920945,-0.015980236000000002,0.055930823,6463237.447509,6463237447509.0,633.0
1360325471249,gyro,-0.069247685,-0.018643608,0.058594197,6463247.548827,6463247548827.0,634.0
1360325471249,gyro,-0.07723781,-0.02130698,0.055930823,6463257.772216001,6463257772216.0,635.0
1360325471291,gyro,-0.07723781,-0.02130698,0.05326745,6463267.751464,6463267751464.0,636.0
1360325471291,gyro,-0.061257567,-0.015980236000000002,0.039950587,6463288.808593,6463288808593.0,637.0
1360325471292,gyro,-0.04261396,-0.013316861999999999,0.031960472000000004,6463298.208007,6463298208007.0,638.0
1360325471292,gyro,-0.018643608,-0.007990118000000001,0.023970352,6463307.698973,6463307698973.0,639.0
1360325471318,gyro,0.0026633726,-0.005326745,0.015980236000000002,6463317.464598,6463317464598.0,640.0
1360325471319,gyro,0.031960472000000004,-0.0026633726,0.007990118000000001,6463327.840575,6463327840575.0,641.0
1360325471319,gyro,0.06658431,0.005326745,0.005326745,6463337.667235,6463337667235.0,642.0
1360325471348,gyro,0.10387153,0.015980236000000002,0.0026633726,6463347.524413,6463347524413.0,643.0
1360325471381,gyro,0.14115874,0.029297099,-0.005326745,6463357.656249,6463357656249.0,644.0
1360325471381,gyro,0.19176282,0.045277335,-0.029297099,6463379.018553,6463379018553.0,645.0
1360325471381,gyro,0.19708957,0.04261396,-0.045277335,6463397.603759,6463397603759.0,647.0
1360325471381,gyro,0.19975294,0.045277335,-0.039950587,6463388.204344001,6463388204344.0,646.0
1360325471408,gyro,0.18110934,0.034623843,-0.05060408,6463407.369384,6463407369384.0,648.0
1360325471409,gyro,0.12517852,0.013316861999999999,-0.047940705,6463427.57202,6463427572020.0,650.0
1360325471409,gyro,0.15713897,0.023970352,-0.05060408,6463417.5927720005,6463417592772.0,649.0
1360325471439,gyro,0.063920945,-0.005326745,-0.039950587,6463447.530516,6463447530516.0,652.0
1360325471439,gyro,0.09321803599999999,0.0026633726,-0.045277335,6463437.337645,6463437337645.0,651.0
1360325471439,top,,,,,,
1360325471481,gyro,0.01065349,-0.031960472000000004,-0.026633725,6463479.024657,6463479024657.0,654.0
1360325471481,gyro,0.04261396,-0.015980236000000002,-0.034623843,6463457.540282,6463457540282.0,653.0
1360325471482,gyro,0.0,-0.039950587,-0.029297099,6463497.487792,6463497487792.0,656.0
1360325471482,gyro,0.0026633726,-0.037287217000000004,-0.026633725,6463488.302001,6463488302001.0,655.0
1360325471508,gyro,0.0,-0.037287217000000004,-0.031960472000000004,6463507.253417,6463507253417.0,657.0
1360325471509,gyro,0.0,-0.034623843,-0.034623843,6463517.476805001,6463517476805.0,658.0
1360325471509,gyro,-0.005326745,-0.034623843,-0.034623843,6463527.456053,6463527456053.0,659.0
1360325471539,gyro,-0.02130698,-0.031960472000000004,-0.034623843,6463537.221678,6463537221678.0,660.0
1360325471571,gyro,-0.069247685,-0.039950587,-0.023970352,6463569.2651349995,6463569265135.0,662.0
1360325471571,gyro,-0.039950587,-0.034623843,-0.029297099,6463547.41455,6463547414550.0,661.0
1360325471572,gyro,-0.08256455,-0.04261396,-0.02130698,6463587.362059,6463587362059.0,664.0
1360325471572,gyro,-0.07723781,-0.04261396,-0.023970352,6463578.206786,6463578206786.0,663.0
1360325471600,gyro,-0.08522792,-0.039950587,-0.018643608,6463597.127684,6463597127684.0,665.0
1360325471601,gyro,-0.07723781,-0.031960472000000004,-0.018643608,6463617.330321,6463617330321.0,667.0
1360325471601,gyro,-0.08256455,-0.037287217000000004,-0.018643608,6463607.351073001,6463607351073.0,666.0
1360325471629,gyro,-0.039950587,-0.018643608,-0.018643608,6463637.319335,6463637319335.0,669.0
1360325471629,gyro,-0.061257567,-0.023970352,-0.018643608,6463627.095946,6463627095946.0,668.0
1360325471669,gyro,0.09588141,0.013316861999999999,-0.026633725,6463686.879882,6463686879882.0,674.0
1360325471669,gyro,0.07990117,0.007990118000000001,-0.026633725,6463676.900634,6463676900634.0,673.0
1360325471669,gyro,0.05326745,0.0,-0.026633725,6463667.409667,6463667409667.0,672.0
1360325471669,gyro,0.018643608,-0.0026633726,-0.023970352,6463663.0151349995,6463663015135.0,671.0
1360325471669,gyro,-0.007990118000000001,-0.01065349,-0.02130698,6463647.420653,6463647420653.0,670.0
1360325471698,gyro,0.09854478400000001,0.018643608,-0.029297099,6463697.011718,6463697011718.0,675.0
1360325471699,gyro,0.09055467,0.026633725,-0.031960472000000004,6463716.848143,6463716848143.0,677.0
1360325471699,gyro,0.09321803599999999,0.02130698,-0.034623843,6463707.235106,6463707235106.0,676.0
1360325471729,gyro,0.09321803599999999,0.029297099,-0.023970352,6463726.979979,6463726979979.0,678.0
1360325471761,gyro,0.09321803599999999,0.031960472000000004,-0.018643608,6463737.386473,6463737386473.0,679.0
1360325471762,gyro,0.087891296,0.029297099,-0.013316861999999999,6463759.053954,6463759053954.0,680.0
1360325471762,gyro,0.08256455,0.029297099,-0.005326745,6463777.150878,6463777150878.0,682.0
1360325471762,gyro,0.08522792,0.029297099,-0.007990118000000001,6463768.087157,6463768087157.0,681.0
1360325471789,gyro,0.10919827,0.029297099,-0.013316861999999999,6463807.119139,6463807119139.0,685.0
1360325471789,gyro,0.08522792,0.029297099,-0.01065349,6463797.139891,6463797139891.0,684.0
1360325471789,gyro,0.07990117,0.029297099,-0.007990118000000001,6463786.916503,6463786916503.0,683.0
1360325471819,gyro,0.23171341,0.031960472000000004,-0.015980236000000002,6463827.108153,6463827108153.0,687.0
1360325471819,gyro,0.15713897,0.029297099,-0.015980236000000002,6463816.884764,6463816884764.0,686.0
1360325471861,gyro,0.34357506,0.037287217000000004,-0.018643608,6463837.087401,6463837087401.0,688.0
1360325471862,gyro,1.0546955,0.12784189,-0.05060408,6463877.065428,6463877065428.0,691.0
1360325471862,gyro,0.8789129000000001,0.10653489999999999,-0.045277335,6463867.635497,6463867635497.0,690.0
1360325471862,gyro,0.67916,0.07990117,-0.037287217000000004,6463858.297118,6463858297118.0,689.0
1360325471889,gyro,1.12927,0.111861646,-0.087891296,6463907.003173,6463907003173.0,694.0
1360325471889,gyro,1.1665572,0.13316862,-0.061257567,6463886.800536,6463886800536.0,692.0
1360325471889,gyro,1.1905276000000002,0.12517852,-0.07191106,6463897.023925,6463897023925.0,693.0
1360325471919,gyro,1.0174084,0.09321803599999999,-0.10120816,6463916.768798,6463916768798.0,695.0
1360325471951,bottom,,,,,,
1360325471951,gyro,0.8922298000000001,0.07457443,-0.10919827,6463926.992186,6463926992186.0,696.0
1360325471951,gyro,0.74840766,0.05326745,-0.11452502,6463948.8427720005,6463948842772.0,697.0
1360325471952,gyro,0.7377541999999999,0.055930823,-0.111861646,6463956.960448001,6463956960448.0,698.0
1360325471952,gyro,0.7457443,0.063920945,-0.10387153,6463966.939696,6463966939696.0,699.0
1360325471979,gyro,0.7537344,0.07191106,-0.09588141,6463976.705321,6463976705321.0,700.0
1360325471979,gyro,0.7563978,0.07191106,-0.09321803599999999,6463986.898192,6463986898192.0,701.0
1360325471979,gyro,0.75107104,0.07191106,-0.087891296,6463996.87744,6463996877440.0,702.0
1360325472009,gyro,0.73509085,0.07191106,-0.08256455,6464006.643065,6464006643065.0,703.0
1360325472009,gyro,0.70579374,0.07191106,-0.069247685,6464016.866454,6464016866454.0,704.0
1360325472051,gyro,0.6471995,0.069247685,-0.055930823,6464026.845702,6464026845702.0,705.0
1360325472051,gyro,0.42347625,0.047940705,-0.04261396,6464048.360594001,6464048360594.0,706.0
1360325472052,gyro,0.26633725,0.031960472000000004,-0.039950587,6464057.790526,6464057790526.0,707.0
1360325472052,gyro,0.09321803599999999,0.01065349,-0.039950587,6464066.854247,6464066854247.0,708.0
1360325472079,gyro,-0.19708957,-0.023970352,-0.034623843,6464086.782225,6464086782225.0,710.0
1360325472079,gyro,-0.06658431,-0.007990118000000001,-0.039950587,6464076.711425,6464076711425.0,709.0
1360325472079,gyro,-0.27965412,-0.031960472000000004,-0.02130698,6464096.761473,6464096761473.0,711.0
1360325472109,gyro,-0.29563436,-0.034623843,-0.005326745,6464106.649169,6464106649169.0,712.0
1360325472141,gyro,-0.25568378,-0.026633725,0.005326745,6464116.750487001,6464116750487.0,713.0
1360325472141,gyro,-0.13050525,0.0,0.013316861999999999,6464138.204344001,6464138204344.0,714.0
1360325472141,gyro,-0.09588141,0.0026633726,0.0,6464146.718749,6464146718749.0,715.0
1360325472142,gyro,-0.08522792,0.0026633726,-0.007990118000000001,6464156.697997,6464156697997.0,716.0
1360325472169,gyro,-0.08256455,0.005326745,-0.0026633726,6464166.555175,6464166555175.0,717.0
1360325472169,gyro,-0.07191106,0.007990118000000001,0.007990118000000001,6464176.6870099995,6464176687010.0,718.0
1360325472169,gyro,-0.061257567,0.013316861999999999,0.018643608,6464187.062987001,6464187062987.0,719.0
1360325472199,gyro,-0.055930823,0.015980236000000002,0.02130698,6464196.309812999,6464196309813.0,720.0
1360325472199,gyro,-0.063920945,0.015980236000000002,0.023970352,6464206.472167,6464206472167.0,721.0
1360325472241,gyro,-0.08522792,0.013316861999999999,0.023970352,6464216.359862001,6464216359862.0,722.0
1360325472241,gyro,-0.13050525,0.005326745,0.018643608,6464237.844237001,6464237844237.0,723.0
1360325472242,gyro,-0.14115874,0.0026633726,0.018643608,6464247.060546,6464247060546.0,724.0
1360325472242,gyro,-0.13849537,0.0,0.018643608,6464256.58203,6464256582030.0,725.0
1360325472269,gyro,-0.13316862,0.0026633726,0.02130698,6464266.225585,6464266225585.0,726.0
1360325472269,gyro,-0.13849537,0.0026633726,0.026633725,6464276.571044,6464276571044.0,727.0
1360325472270,gyro,-0.15980235,0.0,0.029297099,6464286.611327,6464286611327.0,728.0
1360325472298,gyro,-0.19176282,-0.005326745,0.034623843,6464296.254882,6464296254882.0,729.0
1360325472299,end,,,,,,
